  0.00    0.00000000
 -0.00    0.00005361
 -0.00    0.00017064
 -0.00    0.00034231
 -0.00    0.00056864
 -0.00    0.00084961
 -0.00    0.00118523
 -0.00    0.00157550
 -0.01    0.00202040
 -0.01    0.00251994
 -0.01    0.00307411
 -0.01    0.00368290
 -0.01    0.00434629
 -0.01    0.00506426
 -0.02    0.00583679
 -0.02    0.00666384
 -0.02    0.00754539
 -0.02    0.00848138
 -0.03    0.00947175
 -0.03    0.01051645
 -0.03    0.01161539
 -0.04    0.01276849
 -0.04    0.01397563
 -0.04    0.01523670
 -0.05    0.01655155
 -0.05    0.01792004
 -0.06    0.01934198
 -0.06    0.02081717
 -0.07    0.02234539
 -0.07    0.02392638
 -0.07    0.02555987
 -0.08    0.02724555
 -0.09    0.02898308
 -0.09    0.03077209
 -0.10    0.03261216
 -0.10    0.03450285
 -0.11    0.03644368
 -0.11    0.03843410
 -0.12    0.04047355
 -0.13    0.04256140
 -0.13    0.04469699
 -0.14    0.04687958
 -0.15    0.04910841
 -0.15    0.05138263
 -0.16    0.05370137
 -0.17    0.05606366
 -0.18    0.05846848
 -0.18    0.06091476
 -0.19    0.06340135
 -0.20    0.06592701
 -0.21    0.06849047
 -0.22    0.07109034
 -0.22    0.07372518
 -0.23    0.07639347
 -0.24    0.07909359
 -0.25    0.08182385
 -0.26    0.08458248
 -0.27    0.08736761
 -0.28    0.09017729
 -0.29    0.09300946
 -0.30    0.09586200
 -0.31    0.09873267
 -0.32    0.10161914
 -0.33    0.10451900
 -0.34    0.10742971
 -0.35    0.11034866
 -0.36    0.11327314
 -0.37    0.11620033
 -0.38    0.11912731
 -0.39    0.12205107
 -0.40    0.12496850
 -0.41    0.12787637
 -0.42    0.13077140
 -0.44    0.13365015
 -0.45    0.13650914
 -0.46    0.13934476
 -0.47    0.14215333
 -0.48    0.14493106
 -0.49    0.14767408
 -0.51    0.15037843
 -0.52    0.15304007
 -0.53    0.15565489
 -0.54    0.15821868
 -0.56    0.16072716
 -0.57    0.16317601
 -0.58    0.16556081
 -0.60    0.16787708
 -0.61    0.17012032
 -0.62    0.17228593
 -0.64    0.17436930
 -0.65    0.17636576
 -0.66    0.17827062
 -0.68    0.18007915
 -0.69    0.18178660
 -0.70    0.18338822
 -0.72    0.18487922
 -0.73    0.18625483
 -0.75    0.18751030
 -0.76    0.18864086
 -0.77    0.18964179
 -0.79    0.19050838
 -0.80    0.19123598
 -0.82    0.19181997
 -0.83    0.19225578
 -0.84    0.19253893
 -0.86    0.19266498
 -0.87    0.19270645
 -0.89    0.19269747
 -0.90    0.19264652
 -0.92    0.19257494
 -0.93    0.19255525
 -0.95    0.19254472
 -0.96    0.19246214
 -0.98    0.19241844
 -0.99    0.19240923
 -1.01    0.19239167
 -1.02    0.19228452
 -1.04    0.19219867
 -1.05    0.19212975
 -1.07    0.19207336
 -1.09    0.19202508
 -1.10    0.19198050
 -1.12    0.19193520
 -1.13    0.19188475
 -1.15    0.19182474
 -1.16    0.19175078
 -1.18    0.19165851
 -1.20    0.19154357
 -1.21    0.19140166
 -1.23    0.19122852
 -1.25    0.19101993
 -1.26    0.19077173
 -1.28    0.19047983
 -1.29    0.19014020
 -1.31    0.18974890
 -1.33    0.18930204
 -1.34    0.18879586
 -1.36    0.18822667
 -1.38    0.18759089
 -1.39    0.18688504
 -1.41    0.18610576
 -1.43    0.18524981
 -1.44    0.18431407
 -1.46    0.18329556
 -1.47    0.18219141
 -1.49    0.18099890
 -1.51    0.17971547
 -1.52    0.17833869
 -1.54    0.17686627
 -1.56    0.17529610
 -1.57    0.17362620
 -1.59    0.17185476
 -1.60    0.16998015
 -1.62    0.16800086
 -1.64    0.16591559
 -1.65    0.16372317
 -1.67    0.16142263
 -1.68    0.15901312
 -1.70    0.15649400
 -1.72    0.15386477
 -1.73    0.15112511
 -1.75    0.14827485
 -1.76    0.14531400
 -1.78    0.14224270
 -1.79    0.13906127
 -1.81    0.13577019
 -1.82    0.13237007
 -1.84    0.12886167
 -1.85    0.12524591
 -1.87    0.12152384
 -1.88    0.11769665
 -1.90    0.11376564
 -1.91    0.10973227
 -1.93    0.10559808
 -1.94    0.10136475
 -1.96    0.09703407
 -1.97    0.09260792
 -1.99    0.08808828
 -2.00    0.08347721
 -2.01    0.07877687
 -2.03    0.07398950
 -2.04    0.06911738
 -2.06    0.06416287
 -2.07    0.05912840
 -2.08    0.05401642
 -2.10    0.04882944
 -2.11    0.04357000
 -2.12    0.03824066
 -2.14    0.03284402
 -2.15    0.02738267
 -2.16    0.02185922
 -2.18    0.01627627
 -2.19    0.01063643
 -2.20    0.00494227
 -2.21   -0.00080362
 -2.23   -0.00659872
 -2.24   -0.01244052
 -2.25   -0.01832653
 -2.26   -0.02425434
 -2.27   -0.03022156
 -2.28   -0.03622587
 -2.30   -0.04226499
 -2.31   -0.04833671
 -2.32   -0.05443890
 -2.33   -0.06056949
 -2.34   -0.06672647
 -2.35   -0.07290793
 -2.36   -0.07911203
 -2.37   -0.08533700
 -2.38   -0.09158119
 -2.39   -0.09784301
 -2.40   -0.10412096
 -2.42   -0.11041364
 -2.43   -0.11671973
 -2.44   -0.12303803
 -2.44   -0.12936741
 -2.45   -0.13570684
 -2.46   -0.14205539
 -2.47   -0.14841221
 -2.48   -0.15477656
 -2.49   -0.16114779
 -2.50   -0.16752535
 -2.51   -0.17390876
 -2.52   -0.18029765
 -2.53   -0.18669175
 -2.54   -0.19309084
 -2.54   -0.19949481
 -2.55   -0.20590366
 -2.56   -0.21231742
 -2.57   -0.21873623
 -2.58   -0.22516032
 -2.58   -0.23158997
 -2.59   -0.23802555
 -2.60   -0.24446748
 -2.61   -0.25091628
 -2.61   -0.25737251
 -2.62   -0.26383680
 -2.63   -0.27030984
 -2.63   -0.27679238
 -2.64   -0.28328521
 -2.65   -0.28978918
 -2.65   -0.29630519
 -2.66   -0.30283418
 -2.66   -0.30937712
 -2.67   -0.31593505
 -2.68   -0.32250900
 -2.68   -0.32910007
 -2.69   -0.33570936
 -2.69   -0.34233802
 -2.70   -0.34898719
 -2.70   -0.35565805
 -2.71   -0.36235180
 -2.71   -0.36906963
 -2.71   -0.37581276
 -2.72   -0.38258240
 -2.72   -0.38937976
 -2.73   -0.39620606
 -2.73   -0.40306252
 -2.73   -0.40995033
 -2.74   -0.41687069
 -2.74   -0.42382478
 -2.74   -0.43081375
 -2.75   -0.43783876
 -2.75   -0.44490092
 -2.75   -0.45200132
 -2.75   -0.45914103
 -2.76   -0.46632107
 -2.76   -0.47354245
 -2.76   -0.48080613
 -2.76   -0.48811301
 -2.76   -0.49546398
 -2.77   -0.50285986
 -2.77   -0.51030143
 -2.77   -0.51778942
 -2.77   -0.52532450
 -2.77   -0.53290729
 -2.77   -0.54053833
 -2.77   -0.54821813
 -2.77   -0.55594712
 -2.77   -0.56372564
 -2.77   -0.57149031
 -2.77   -0.57923806
 -2.77   -0.58696956
 -2.77   -0.59468540
 -2.77   -0.60238612
 -2.77   -0.61007222
 -2.77   -0.61774412
 -2.77   -0.62540220
 -2.76   -0.63304675
 -2.76   -0.64067803
 -2.76   -0.64829621
 -2.76   -0.65590138
 -2.76   -0.66349359
 -2.76   -0.67107279
 -2.75   -0.67863887
 -2.75   -0.68619163
 -2.75   -0.69373080
 -2.75   -0.70125604
 -2.74   -0.70876691
 -2.74   -0.71626290
 -2.74   -0.72374340
 -2.74   -0.73120773
 -2.73   -0.73865512
 -2.73   -0.74608470
 -2.73   -0.75349554
 -2.72   -0.76088658
 -2.72   -0.76825669
 -2.71   -0.77560466
 -2.71   -0.78292915
 -2.71   -0.79022877
 -2.70   -0.79750199
 -2.70   -0.80474722
 -2.69   -0.81196275
 -2.69   -0.81914679
 -2.68   -0.82629744
 -2.68   -0.83341270
 -2.67   -0.84049048
 -2.67   -0.84752858
 -2.66   -0.85452471
 -2.66   -0.86147648
 -2.65   -0.86838138
 -2.65   -0.87523682
 -2.64   -0.88204011
 -2.63   -0.88878843
 -2.63   -0.89547889
 -2.62   -0.90210849
 -2.61   -0.90867412
 -2.61   -0.91517257
 -2.60   -0.92160053
 -2.59   -0.92795459
 -2.59   -0.93423124
 -2.58   -0.94042686
 -2.57   -0.94653774
 -2.57   -0.95256006
 -2.56   -0.95848989
 -2.55   -0.96432324
 -2.54   -0.97005597
 -2.53   -0.97568387
 -2.53   -0.98120263
 -2.52   -0.98660783
 -2.51   -0.99189497
 -2.50   -0.99705942
 -2.49   -1.00209650
 -2.49   -1.00700139
 -2.48   -1.01176921
 -2.47   -1.01639497
 -2.46   -1.02087358
 -2.45   -1.02519988
 -2.44   -1.02936861
 -2.43   -1.03337440
 -2.42   -1.03721183
 -2.41   -1.04087536
 -2.40   -1.04435938
 -2.39   -1.04765820
 -2.38   -1.05076602
 -2.38   -1.05367700
 -2.37   -1.05638518
 -2.36   -1.05888454
 -2.35   -1.06116900
 -2.34   -1.06323236
 -2.33   -1.06506840
 -2.32   -1.06667078
 -2.31   -1.06803312
 -2.30   -1.06914896
 -2.28   -1.07001178
 -2.27   -1.07061499
 -2.26   -1.07095193
 -2.25   -1.07101591
 -2.24   -1.07094439
 -2.23   -1.07073907
 -2.22   -1.07039309
 -2.21   -1.06989962
 -2.20   -1.06925176
 -2.19   -1.06844265
 -2.18   -1.06746537
 -2.17   -1.06631301
 -2.16   -1.06497867
 -2.15   -1.06345544
 -2.13   -1.06173641
 -2.12   -1.05981468
 -2.11   -1.05768337
 -2.10   -1.05533560
 -2.09   -1.05276454
 -2.08   -1.04996335
 -2.07   -1.04692525
 -2.06   -1.04364347
 -2.04   -1.04011130
 -2.03   -1.03632206
 -2.02   -1.03226910
 -2.01   -1.02794587
 -2.00   -1.02334583
 -1.99   -1.01846252
 -1.98   -1.01328956
 -1.97   -1.00782062
 -1.95   -1.00204946
 -1.94   -0.99596993
 -1.93   -0.98957594
 -1.92   -0.98286154
 -1.91   -0.97582085
 -1.90   -0.96844810
 -1.89   -0.96073765
 -1.88   -0.95268397
 -1.87   -0.94428167
 -1.86   -0.93552549
 -1.85   -0.92641033
 -1.83   -0.91693122
 -1.82   -0.90708340
 -1.81   -0.89686224
 -1.80   -0.88626333
 -1.79   -0.87528246
 -1.78   -0.86391561
 -1.77   -0.85215903
 -1.76   -0.84000917
 -1.75   -0.82746277
 -1.74   -0.81451685
 -1.74   -0.80116871
 -1.73   -0.78741598
 -1.72   -0.77325663
 -1.71   -0.75868901
 -1.70   -0.74371184
 -1.69   -0.72832428
 -1.68   -0.71252593
 -1.67   -0.69631687
 -1.67   -0.67969772
 -1.66   -0.66266963
 -1.65   -0.64523435
 -1.64   -0.62739426
 -1.63   -0.60915241
 -1.63   -0.59051257
 -1.62   -0.57147927
 -1.61   -0.55205784
 -1.61   -0.53225446
 -1.60   -0.51207621
 -1.59   -0.49153110
 -1.59   -0.47062812
 -1.58   -0.44937729
 -1.57   -0.42778966
 -1.57   -0.40587739
 -1.56   -0.38365374
 -1.56   -0.36113309
 -1.55   -0.33833097
 -1.55   -0.31526403
 -1.54   -0.29195006
 -1.54   -0.26840793
 -1.53   -0.24465760
 -1.53   -0.22072003
 -1.52   -0.19661714
 -1.52   -0.17237172
 -1.51   -0.14800736
 -1.51   -0.12354833
 -1.50   -0.09901947
 -1.50   -0.07444606
 -1.49   -0.04985372
 -1.49   -0.02526821
 -1.49   -0.00071537
 -1.48    0.02377912
 -1.48    0.04818979
 -1.47    0.07249158
 -1.47    0.09665995
 -1.46    0.12067100
 -1.46    0.14450160
 -1.45    0.16812946
 -1.45    0.19153328
 -1.44    0.21469274
 -1.44    0.23758865
 -1.43    0.26020293
 -1.43    0.28251867
 -1.42    0.30452015
 -1.42    0.32619286
 -1.41    0.34752348
 -1.41    0.36849984
 -1.40    0.38911096
 -1.40    0.40934699
 -1.39    0.42919916
 -1.39    0.44865975
 -1.38    0.46772205
 -1.37    0.48638032
 -1.37    0.50462973
 -1.36    0.52246630
 -1.35    0.53988688
 -1.35    0.55688905
 -1.34    0.57347113
 -1.33    0.58963211
 -1.33    0.60537156
 -1.32    0.62068966
 -1.31    0.63558711
 -1.30    0.65006510
 -1.30    0.66412526
 -1.29    0.67776967
 -1.28    0.69100077
 -1.27    0.70382134
 -1.27    0.71623453
 -1.26    0.72824373
 -1.25    0.73985264
 -1.24    0.75106520
 -1.23    0.76188557
 -1.23    0.77231812
 -1.22    0.78236739
 -1.21    0.79203812
 -1.20    0.80133518
 -1.19    0.81026358
 -1.18    0.81882849
 -1.18    0.82703513
 -1.17    0.83488889
 -1.16    0.84239519
 -1.15    0.84955957
 -1.14    0.85638763
 -1.13    0.86288502
 -1.12    0.86905746
 -1.11    0.87491071
 -1.11    0.88045057
 -1.10    0.88568286
 -1.09    0.89061345
 -1.08    0.89524820
 -1.07    0.89959302
 -1.06    0.90365379
 -1.05    0.90743642
 -1.04    0.91094682
 -1.03    0.91419087
 -1.03    0.91717447
 -1.02    0.91990349
 -1.01    0.92238377
 -1.00    0.92462116
 -0.99    0.92662146
 -0.98    0.92839043
 -0.97    0.92993384
 -0.97    0.93125738
 -0.96    0.93236671
 -0.95    0.93326748
 -0.94    0.93396526
 -0.93    0.93446558
 -0.93    0.93477392
 -0.92    0.93489571
 -0.91    0.93489140
 -0.90    0.93479383
 -0.89    0.93469088
 -0.89    0.93458774
 -0.88    0.93448952
 -0.87    0.93440125
 -0.86    0.93432790
 -0.86    0.93427434
 -0.85    0.93424534
 -0.84    0.93424561
 -0.84    0.93420628
 -0.83    0.93420536
 -0.83    0.93417379
 -0.82    0.93413429
 -0.81    0.93409112
 -0.81    0.93404844
 -0.80    0.93401032
 -0.80    0.93398074
 -0.79    0.93399114
 -0.79    0.93399020
 -0.78    0.93399078
 -0.78    0.93394138
 -0.77    0.93391894
 -0.77    0.93395441
 -0.76    0.93394088
 -0.76    0.93399173
 -0.75    0.93402739
 -0.75    0.93405083
 -0.75    0.93403738
 -0.74    0.93404491
 -0.74    0.93406691
 -0.73    0.93406001
 -0.73    0.93408179
 -0.73    0.93407948
 -0.73    0.93411043
 -0.72    0.93414922
 -0.72    0.93419789
 -0.72    0.93420324
 -0.71    0.93424055
 -0.71    0.93429316
 -0.71    0.93430755
 -0.71    0.93431276
 -0.71    0.93436525
 -0.71    0.93438364
 -0.70    0.93442417
 -0.70    0.93443280
 -0.70    0.93443800
 -0.70    0.93449567
 -0.70    0.93452389
 -0.70    0.93457833
 -0.70    0.93460440
 -0.70    0.93465755
 -0.70    0.93468296
 -0.70    0.93473585
 -0.70    0.93476650
 -0.70    0.93474439
 -0.70    0.93477951
 -0.70    0.93476147
 -0.70    0.93480010
 -0.70    0.93478482
 -0.70    0.93482526
 -0.70    0.93481067
 -0.70    0.93485048
 -0.70    0.93483377
 -0.71    0.93486980
 -0.71    0.93484744
 -0.71    0.93487578
 -0.71    0.93484352
 -0.71    0.93485955
 -0.72    0.93481240
 -0.72    0.93478325
 -0.72    0.93479812
 -0.72    0.93474527
 -0.73    0.93470561
 -0.73    0.93467737
 -0.73    0.93468621
 -0.73    0.93467510
 -0.74    0.93465118
 -0.74    0.93465820
 -0.74    0.93463887
 -0.75    0.93464596
 -0.75    0.93462200
 -0.76    0.93461958
 -0.76    0.93458106
 -0.76    0.93453134
 -0.77    0.93452277
 -0.77    0.93447909
 -0.78    0.93447086
 -0.78    0.93442166
 -0.79    0.93440187
 -0.79    0.93435328
 -0.80    0.93432774
 -0.80    0.93432198
 -0.81    0.93430506
 -0.81    0.93421846
 -0.82    0.93414128
 -0.82    0.93406994
 -0.83    0.93400077
 -0.83    0.93393003
 -0.84    0.93385392
 -0.85    0.93376854
 -0.85    0.93366995
 -0.86    0.93355413
 -0.87    0.93341701
 -0.87    0.93325445
 -0.88    0.93306223
 -0.89    0.93283611
 -0.89    0.93257176
 -0.90    0.93226482
 -0.91    0.93191086
 -0.91    0.93150542
 -0.92    0.93104398
 -0.93    0.93052197
 -0.94    0.92993480
 -0.94    0.92927783
 -0.95    0.92854638
 -0.96    0.92773573
 -0.97    0.92684113
 -0.98    0.92585783
 -0.98    0.92478102
 -0.99    0.92360588
 -1.00    0.92232758
 -1.01    0.92094124
 -1.02    0.91944200
 -1.02    0.91782499
 -1.03    0.91608530
 -1.04    0.91421804
 -1.05    0.91221833
 -1.06    0.91008125
 -1.07    0.90780193
 -1.08    0.90537549
 -1.08    0.90279705
 -1.09    0.90006176
 -1.10    0.89716480
 -1.11    0.89410135
 -1.12    0.89086663
 -1.13    0.88745589
 -1.14    0.88386442
 -1.15    0.88008754
 -1.16    0.87612061
 -1.16    0.87195904
 -1.17    0.86759831
 -1.18    0.86303394
 -1.19    0.85826150
 -1.20    0.85327666
 -1.21    0.84807512
 -1.22    0.84265269
 -1.23    0.83700524
 -1.24    0.83112873
 -1.24    0.82501922
 -1.25    0.81867287
 -1.26    0.81208593
 -1.27    0.80525478
 -1.28    0.79817589
 -1.29    0.79084588
 -1.30    0.78326148
 -1.31    0.77541958
 -1.31    0.76731719
 -1.32    0.75895151
 -1.33    0.75031987
 -1.34    0.74141978
 -1.35    0.73224894
 -1.36    0.72280523
 -1.37    0.71308674
 -1.37    0.70309176
 -1.38    0.69281881
 -1.39    0.68226665
 -1.40    0.67143427
 -1.41    0.66032093
 -1.41    0.64892615
 -1.42    0.63724975
 -1.43    0.62529184
 -1.44    0.61305285
 -1.44    0.60053352
 -1.45    0.58773494
 -1.46    0.57465858
 -1.47    0.56130625
 -1.47    0.54768018
 -1.48    0.53378299
 -1.49    0.51961772
 -1.49    0.50518784
 -1.50    0.49049730
 -1.51    0.47555049
 -1.51    0.46035230
 -1.52    0.44490810
 -1.53    0.42922376
 -1.53    0.41330570
 -1.54    0.39716082
 -1.54    0.38079659
 -1.55    0.36422100
 -1.56    0.34744259
 -1.56    0.33047042
 -1.57    0.31331410
 -1.57    0.29598377
 -1.58    0.27849008
 -1.58    0.26084421
 -1.59    0.24305779
 -1.59    0.22514293
 -1.60    0.20711221
 -1.60    0.18897859
 -1.61    0.17075541
 -1.61    0.15245636
 -1.62    0.13409543
 -1.63    0.11568688
 -1.63    0.09724516
 -1.64    0.07878490
 -1.64    0.06032083
 -1.64    0.04186774
 -1.65    0.02344045
 -1.65    0.00505370
 -1.66   -0.01327784
 -1.66   -0.03153966
 -1.67   -0.04971747
 -1.67   -0.06779719
 -1.68   -0.08576508
 -1.68   -0.10360771
 -1.69   -0.12131203
 -1.69   -0.13886542
 -1.70   -0.15625571
 -1.70   -0.17347118
 -1.71   -0.19050064
 -1.71   -0.20733340
 -1.72   -0.22395932
 -1.73   -0.24036880
 -1.73   -0.25655281
 -1.74   -0.27250288
 -1.74   -0.28821109
 -1.75   -0.30367009
 -1.75   -0.31887309
 -1.76   -0.33381386
 -1.76   -0.34848670
 -1.77   -0.36288642
 -1.78   -0.37700839
 -1.78   -0.39084845
 -1.79   -0.40440292
 -1.79   -0.41766862
 -1.80   -0.43064279
 -1.81   -0.44332311
 -1.81   -0.45570770
 -1.82   -0.46779504
 -1.82   -0.47958402
 -1.83   -0.49107385
 -1.84   -0.50226413
 -1.84   -0.51315474
 -1.85   -0.52374589
 -1.86   -0.53403807
 -1.86   -0.54403204
 -1.87   -0.55372884
 -1.88   -0.56312971
 -1.88   -0.57223614
 -1.89   -0.58104985
 -1.90   -0.58957271
 -1.90   -0.59780683
 -1.91   -0.60575444
 -1.92   -0.61341798
 -1.92   -0.62079999
 -1.93   -0.62790320
 -1.94   -0.63473043
 -1.95   -0.64128463
 -1.95   -0.64756887
 -1.96   -0.65358630
 -1.97   -0.65934018
 -1.97   -0.66483385
 -1.98   -0.67007072
 -1.99   -0.67505427
 -1.99   -0.67978805
 -2.00   -0.68427566
 -2.01   -0.68852076
 -2.02   -0.69252703
 -2.02   -0.69629821
 -2.03   -0.69983807
 -2.04   -0.70315040
 -2.04   -0.70623902
 -2.05   -0.70910775
 -2.06   -0.71176046
 -2.06   -0.71420099
 -2.07   -0.71643321
 -2.08   -0.71846099
 -2.08   -0.72028818
 -2.09   -0.72191864
 -2.10   -0.72335622
 -2.10   -0.72460476
 -2.11   -0.72566806
 -2.12   -0.72654994
 -2.12   -0.72725416
 -2.13   -0.72778449
 -2.14   -0.72814466
 -2.14   -0.72833835
 -2.15   -0.72836923
 -2.15   -0.72838535
 -2.16   -0.72833873
 -2.17   -0.72832571
 -2.17   -0.72831883
 -2.18   -0.72825959
 -2.18   -0.72824419
 -2.19   -0.72824496
 -2.19   -0.72820322
 -2.20   -0.72815308
 -2.20   -0.72809761
 -2.21   -0.72803985
 -2.21   -0.72798276
 -2.22   -0.72792923
 -2.22   -0.72788208
 -2.23   -0.72784406
 -2.23   -0.72781785
 -2.24   -0.72783701
 -2.24   -0.72778022
 -2.24   -0.72774282
 -2.25   -0.72775813
 -2.25   -0.72770464
 -2.25   -0.72767743
 -2.26   -0.72770961
 -2.26   -0.72767943
 -2.26   -0.72771268
 -2.27   -0.72768746
 -2.27   -0.72772942
 -2.27   -0.72771648
 -2.27   -0.72777414
 -2.28   -0.72781111
 -2.28   -0.72779793
 -2.28   -0.72785985
 -2.28   -0.72790535
 -2.29   -0.72793568
 -2.29   -0.72792106
 -2.29   -0.72792449
 -2.29   -0.72793668
 -2.29   -0.72795855
 -2.29   -0.72793937
 -2.29   -0.72794179
 -2.29   -0.72795619
 -2.30   -0.72798316
 -2.30   -0.72797162
 -2.30   -0.72798390
 -2.30   -0.72801003
 -2.30   -0.72799867
 -2.30   -0.72801191
 -2.30   -0.72801918
 -2.30   -0.72804513
 -2.30   -0.72803473
 -2.30   -0.72799815
 -2.30   -0.72795585
 -2.30   -0.72790754
 -2.29   -0.72785291
 -2.29   -0.72779156
 -2.29   -0.72778492
 -2.29   -0.72774993
 -2.29   -0.72770660
 -2.29   -0.72765427
 -2.29   -0.72765410
 -2.29   -0.72762273
 -2.29   -0.72757992
 -2.28   -0.72752473
 -2.28   -0.72751806
 -2.28   -0.72747628
 -2.28   -0.72741887
 -2.28   -0.72740656
 -2.27   -0.72740710
 -2.27   -0.72735722
 -2.27   -0.72734840
 -2.27   -0.72729659
 -2.26   -0.72728284
 -2.26   -0.72727456
 -2.26   -0.72720816
 -2.25   -0.72717481
 -2.25   -0.72717271
 -2.25   -0.72711744
 -2.24   -0.72708966
 -2.24   -0.72708739
 -2.24   -0.72702601
 -2.23   -0.72698600
 -2.23   -0.72696521
 -2.23   -0.72696143
 -2.22   -0.72694139
 -2.22   -0.72684084
 -2.21   -0.72675031
 -2.21   -0.72666736
 -2.20   -0.72658951
 -2.20   -0.72651423
 -2.19   -0.72643891
 -2.19   -0.72636090
 -2.18   -0.72627751
 -2.18   -0.72618598
 -2.17   -0.72608352
 -2.17   -0.72596729
 -2.16   -0.72583438
 -2.16   -0.72568188
 -2.15   -0.72550680
 -2.15   -0.72530613
 -2.14   -0.72507682
 -2.14   -0.72481579
 -2.13   -0.72451990
 -2.12   -0.72418602
 -2.12   -0.72381095
 -2.11   -0.72339148
 -2.11   -0.72292438
 -2.10   -0.72240638
 -2.09   -0.72183421
 -2.09   -0.72120456
 -2.08   -0.72051412
 -2.07   -0.71975955
 -2.07   -0.71893752
 -2.06   -0.71804465
 -2.05   -0.71707760
 -2.05   -0.71603300
 -2.04   -0.71490747
 -2.03   -0.71369766
 -2.02   -0.71240019
 -2.02   -0.71101170
 -2.01   -0.70952885
 -2.00   -0.70794829
 -2.00   -0.70626670
 -1.99   -0.70448076
 -1.98   -0.70258718
 -1.97   -0.70058270
 -1.97   -0.69846408
 -1.96   -0.69622809
 -1.95   -0.69387156
 -1.94   -0.69139134
 -1.94   -0.68878432
 -1.93   -0.68604742
 -1.92   -0.68317763
 -1.91   -0.68017195
 -1.91   -0.67702748
 -1.90   -0.67374133
 -1.89   -0.67031069
 -1.88   -0.66673280
 -1.88   -0.66300498
 -1.87   -0.65912461
 -1.86   -0.65508913
 -1.85   -0.65089608
 -1.85   -0.64654306
 -1.84   -0.64202777
 -1.83   -0.63734799
 -1.82   -0.63250158
 -1.82   -0.62748651
 -1.81   -0.62230085
 -1.80   -0.61694278
 -1.79   -0.61141057
 -1.78   -0.60570262
 -1.78   -0.59981743
 -1.77   -0.59375365
 -1.76   -0.58751003
 -1.75   -0.58108546
 -1.75   -0.57447898
 -1.74   -0.56768975
 -1.73   -0.56071708
 -1.73   -0.55356044
 -1.72   -0.54621946
 -1.71   -0.53869391
 -1.70   -0.53098374
 -1.70   -0.52308907
 -1.69   -0.51501019
 -1.68   -0.50674759
 -1.68   -0.49830190
 -1.67   -0.48967400
 -1.66   -0.48086492
 -1.65   -0.47187590
 -1.65   -0.46270840
 -1.64   -0.45336407
 -1.63   -0.44384478
 -1.63   -0.43415261
 -1.62   -0.42428988
 -1.61   -0.41425911
 -1.61   -0.40406306
 -1.60   -0.39370471
 -1.60   -0.38318727
 -1.59   -0.37251421
 -1.58   -0.36168919
 -1.58   -0.35071614
 -1.57   -0.33959920
 -1.56   -0.32834277
 -1.56   -0.31695146
 -1.55   -0.30543011
 -1.55   -0.29378380
 -1.54   -0.28201783
 -1.54   -0.27013770
 -1.53   -0.25814916
 -1.52   -0.24605813
 -1.52   -0.23387075
 -1.51   -0.22159334
 -1.51   -0.20923241
 -1.50   -0.19679463
 -1.50   -0.18428684
 -1.49   -0.17171603
 -1.49   -0.15908932
 -1.48   -0.14641394
 -1.47   -0.13369726
 -1.47   -0.12094671
 -1.46   -0.10816981
 -1.46   -0.09537415
 -1.45   -0.08256734
 -1.45   -0.06975706
 -1.44   -0.05695095
 -1.44   -0.04415669
 -1.43   -0.03138190
 -1.43   -0.01863418
 -1.42   -0.00592108
 -1.42    0.00674995
 -1.41    0.01937152
 -1.41    0.03193637
 -1.40    0.04443733
 -1.40    0.05686740
 -1.39    0.06921970
 -1.39    0.08148752
 -1.38    0.09366433
 -1.38    0.10574377
 -1.37    0.11771967
 -1.37    0.12958609
 -1.36    0.14133725
 -1.36    0.15296765
 -1.35    0.16447195
 -1.35    0.17584509
 -1.34    0.18708220
 -1.34    0.19817868
 -1.33    0.20913014
 -1.33    0.21993244
 -1.32    0.23058168
 -1.32    0.24107418
 -1.31    0.25140653
 -1.31    0.26157552
 -1.30    0.27157819
 -1.30    0.28141182
 -1.29    0.29107388
 -1.29    0.30056210
 -1.28    0.30987440
 -1.28    0.31900893
 -1.27    0.32796403
 -1.27    0.33673825
 -1.26    0.34533033
 -1.26    0.35373921
 -1.25    0.36196400
 -1.25    0.37000399
 -1.24    0.37785865
 -1.24    0.38552760
 -1.23    0.39301061
 -1.23    0.40030763
 -1.22    0.40741873
 -1.22    0.41434413
 -1.21    0.42108416
 -1.21    0.42763931
 -1.20    0.43401016
 -1.20    0.44019741
 -1.19    0.44620187
 -1.19    0.45202446
 -1.18    0.45766618
 -1.18    0.46312812
 -1.17    0.46841145
 -1.17    0.47351745
 -1.16    0.47844744
 -1.16    0.48320281
 -1.15    0.48778504
 -1.15    0.49219563
 -1.14    0.49643617
 -1.14    0.50050829
 -1.13    0.50441365
 -1.13    0.50815396
 -1.12    0.51173097
 -1.12    0.51514646
 -1.12    0.51840225
 -1.11    0.52150018
 -1.11    0.52444209
 -1.10    0.52722988
 -1.10    0.52986542
 -1.09    0.53235064
 -1.09    0.53468744
 -1.08    0.53687775
 -1.08    0.53892349
 -1.08    0.54082660
 -1.07    0.54258899
 -1.07    0.54421258
 -1.06    0.54569931
 -1.06    0.54705106
 -1.06    0.54826974
 -1.05    0.54935723
 -1.05    0.55031540
 -1.04    0.55114610
 -1.04    0.55185117
 -1.04    0.55243241
 -1.03    0.55289162
 -1.03    0.55323057
 -1.03    0.55345100
 -1.02    0.55355462
 -1.02    0.55361083
 -1.02    0.55358744
 -1.01    0.55362144
 -1.01    0.55357898
 -1.01    0.55359698
 -1.01    0.55354147
 -1.00    0.55351542
 -1.00    0.55355402
 -1.00    0.55352314
 -1.00    0.55355942
 -0.99    0.55352862
 -0.99    0.55356728
 -0.99    0.55354103
 -0.99    0.55358629
 -0.99    0.55356859
 -0.98    0.55362423
 -0.98    0.55365248
 -0.98    0.55362025
 -0.98    0.55366367
 -0.98    0.55364799
 -0.98    0.55370920
 -0.98    0.55374629
 -0.98    0.55372588
 -0.98    0.55378379
 -0.98    0.55381883
 -0.97    0.55379745
 -0.97    0.55385528
 -0.97    0.55389097
 -0.97    0.55387079
 -0.97    0.55393018
 -0.97    0.55386965
 -0.97    0.55385463
 -0.97    0.55385120
 -0.97    0.55379153
 -0.98    0.55377700
 -0.98    0.55377354
 -0.98    0.55371318
 -0.98    0.55369716
 -0.98    0.55369126
 -0.98    0.55362737
 -0.98    0.55360661
 -0.98    0.55359460
 -0.98    0.55352310
 -0.98    0.55349309
 -0.99    0.55343620
 -0.99    0.55341948
 -0.99    0.55340833
 -0.99    0.55333426
 -0.99    0.55329804
 -0.99    0.55323108
 -1.00    0.55320019
 -1.00    0.55313670
 -1.00    0.55310733
 -1.00    0.55304333
 -1.00    0.55301134
 -1.01    0.55301023
 -1.01    0.55294852
 -1.01    0.55291530
 -1.02    0.55290933
 -1.02    0.55283899
 -1.02    0.55279325
 -1.02    0.55277073
 -1.03    0.55277002
 -1.03    0.55269933
 -1.03    0.55264748
 -1.04    0.55261294
 -1.04    0.55259412
 -1.04    0.55258941
 -1.05    0.55256327
 -1.05    0.55244627
 -1.06    0.55233832
 -1.06    0.55223767
 -1.06    0.55214254
 -1.07    0.55205112
 -1.07    0.55196156
 -1.08    0.55187197
 -1.08    0.55178044
 -1.08    0.55168501
 -1.09    0.55158371
 -1.09    0.55147452
 -1.10    0.55135541
 -1.10    0.55122433
 -1.11    0.55107916
 -1.11    0.55091782
 -1.12    0.55073816
 -1.12    0.55053802
 -1.13    0.55031525
 -1.13    0.55006763
 -1.14    0.54979298
 -1.14    0.54948906
 -1.15    0.54915364
 -1.15    0.54878449
 -1.16    0.54837933
 -1.17    0.54793593
 -1.17    0.54745200
 -1.18    0.54692527
 -1.18    0.54635349
 -1.19    0.54573436
 -1.19    0.54506561
 -1.20    0.54434499
 -1.21    0.54357022
 -1.21    0.54273906
 -1.22    0.54184924
 -1.22    0.54089854
 -1.23    0.53988473
 -1.24    0.53880561
 -1.24    0.53765897
 -1.25    0.53644266
 -1.25    0.53515451
 -1.26    0.53379239
 -1.27    0.53235421
 -1.27    0.53083788
 -1.28    0.52924135
 -1.29    0.52756262
 -1.29    0.52579968
 -1.30    0.52395061
 -1.31    0.52201347
 -1.31    0.51998640
 -1.32    0.51786757
 -1.33    0.51565520
 -1.33    0.51334753
 -1.34    0.51094288
 -1.34    0.50843961
 -1.35    0.50583611
 -1.36    0.50313086
 -1.36    0.50032238
 -1.37    0.49740923
 -1.38    0.49439006
 -1.38    0.49126357
 -1.39    0.48802853
 -1.40    0.48468376
 -1.40    0.48122817
 -1.41    0.47766072
 -1.42    0.47398047
 -1.42    0.47018654
 -1.43    0.46627811
 -1.44    0.46225447
 -1.44    0.45811497
 -1.45    0.45385905
 -1.46    0.44948623
 -1.46    0.44499613
 -1.47    0.44038845
 -1.48    0.43566296
 -1.48    0.43081956
 -1.49    0.42585821
 -1.50    0.42077899
 -1.50    0.41558206
 -1.51    0.41026768
 -1.51    0.40483622
 -1.52    0.39928814
 -1.53    0.39362400
 -1.53    0.38784448
 -1.54    0.38195035
 -1.55    0.37594248
 -1.55    0.36982185
 -1.56    0.36358957
 -1.56    0.35724682
 -1.57    0.35079491
 -1.58    0.34423526
 -1.58    0.33756938
 -1.59    0.33079890
 -1.59    0.32392557
 -1.60    0.31695122
 -1.60    0.30987781
 -1.61    0.30270740
 -1.62    0.29544214
 -1.62    0.28808431
 -1.63    0.28063628
 -1.63    0.27310052
 -1.64    0.26547961
 -1.64    0.25777620
 -1.65    0.24999308
 -1.65    0.24213309
 -1.66    0.23419918
 -1.67    0.22619441
 -1.67    0.21812188
 -1.68    0.20998480
 -1.68    0.20178645
 -1.69    0.19353019
 -1.69    0.18521945
 -1.70    0.17685771
 -1.70    0.16844854
 -1.71    0.15999554
 -1.71    0.15150239
 -1.72    0.14297278
 -1.72    0.13441048
 -1.73    0.12581929
 -1.73    0.11720302
 -1.74    0.10856552
 -1.74    0.09991069
 -1.74    0.09124239
 -1.75    0.08256455
 -1.75    0.07388105
 -1.76    0.06519582
 -1.76    0.05651274
 -1.77    0.04783571
 -1.77    0.03916859
 -1.78    0.03051524
 -1.78    0.02187948
 -1.78    0.01326510
 -1.79    0.00467584
 -1.79   -0.00388459
 -1.80   -0.01241252
 -1.80   -0.02090436
 -1.81   -0.02935655
 -1.81   -0.03776560
 -1.81   -0.04612809
 -1.82   -0.05444066
 -1.82   -0.06270004
 -1.83   -0.07090300
 -1.83   -0.07904643
 -1.83   -0.08712728
 -1.84   -0.09514258
 -1.84   -0.10308945
 -1.85   -0.11096510
 -1.85   -0.11876684
 -1.85   -0.12649204
 -1.86   -0.13413820
 -1.86   -0.14170290
 -1.87   -0.14918379
 -1.87   -0.15657865
 -1.87   -0.16388534
 -1.88   -0.17110180
 -1.88   -0.17822609
 -1.88   -0.18525635
 -1.89   -0.19219082
 -1.89   -0.19902782
 -1.89   -0.20576578
 -1.90   -0.21240320
 -1.90   -0.21893869
 -1.91   -0.22537094
 -1.91   -0.23169872
 -1.91   -0.23792089
 -1.92   -0.24403639
 -1.92   -0.25004425
 -1.92   -0.25594357
 -1.93   -0.26173354
 -1.93   -0.26741339
 -1.93   -0.27298247
 -1.94   -0.27844017
 -1.94   -0.28378596
 -1.94   -0.28901937
 -1.94   -0.29413999
 -1.95   -0.29914748
 -1.95   -0.30404156
 -1.95   -0.30882200
 -1.96   -0.31348862
 -1.96   -0.31804129
 -1.96   -0.32247996
 -1.97   -0.32680459
 -1.97   -0.33101519
 -1.97   -0.33511182
 -1.97   -0.33909459
 -1.98   -0.34296363
 -1.98   -0.34671911
 -1.98   -0.35036123
 -1.98   -0.35389024
 -1.99   -0.35730638
 -1.99   -0.36060997
 -1.99   -0.36380130
 -1.99   -0.36688071
 -2.00   -0.36984857
 -2.00   -0.37270525
 -2.00   -0.37545114
 -2.00   -0.37808664
 -2.01   -0.38061219
 -2.01   -0.38302822
 -2.01   -0.38533516
 -2.01   -0.38753347
 -2.01   -0.38962360
 -2.02   -0.39160602
 -2.02   -0.39348120
 -2.02   -0.39524960
 -2.02   -0.39691169
 -2.02   -0.39846796
 -2.02   -0.39991886
 -2.03   -0.40126486
 -2.03   -0.40250643
 -2.03   -0.40364403
 -2.03   -0.40467812
 -2.03   -0.40560913
 -2.03   -0.40643752
 -2.03   -0.40716371
 -2.04   -0.40778813
 -2.04   -0.40831119
 -2.04   -0.40873331
 -2.04   -0.40905487
 -2.04   -0.40927627
 -2.04   -0.40939786
 -2.04   -0.40942002
 -2.04   -0.40943918
 -2.04   -0.40945564
 -2.04   -0.40946968
 -2.04   -0.40948154
 -2.04   -0.40949140
 -2.04   -0.40949943
 -2.04   -0.40950575
 -2.04   -0.40951044
 -2.04   -0.40951355
 -2.04   -0.40951815
 -2.04   -0.40946013
 -2.04   -0.40944753
 -2.04   -0.40944425
 -2.04   -0.40937811
 -2.04   -0.40935708
 -2.04   -0.40934496
 -2.04   -0.40926950
 -2.04   -0.40923857
 -2.04   -0.40917987
 -2.04   -0.40916517
 -2.04   -0.40915814
 -2.04   -0.40908637
 -2.04   -0.40905759
 -2.04   -0.40899934
 -2.03   -0.40898325
 -2.03   -0.40897286
 -2.03   -0.40889558
 -2.03   -0.40885904
 -2.03   -0.40879060
 -2.03   -0.40876180
 -2.03   -0.40869994
 -2.02   -0.40867650
 -2.02   -0.40861874
 -2.02   -0.40859806
 -2.02   -0.40854167
 -2.02   -0.40852093
 -2.01   -0.40846298
 -2.01   -0.40843914
 -2.01   -0.40837648
 -2.01   -0.40834628
 -2.01   -0.40827558
 -2.00   -0.40823557
 -2.00   -0.40822536
 -2.00   -0.40820795
 -2.00   -0.40811026
 -1.99   -0.40803948
 -1.99   -0.40799459
 -1.99   -0.40797456
 -1.98   -0.40790621
 -1.98   -0.40786057
 -1.98   -0.40783654
 -1.97   -0.40783298
 -1.97   -0.40775258
 -1.97   -0.40769032
 -1.96   -0.40764501
 -1.96   -0.40761545
 -1.96   -0.40760037
 -1.95   -0.40759852
 -1.95   -0.40751245
 -1.95   -0.40743703
 -1.94   -0.40737095
 -1.94   -0.40731288
 -1.94   -0.40726148
 -1.93   -0.40721537
 -1.93   -0.40717317
 -1.92   -0.40713347
 -1.92   -0.40709484
 -1.92   -0.40705584
 -1.91   -0.40701501
 -1.91   -0.40697087
 -1.90   -0.40692195
 -1.90   -0.40686674
 -1.89   -0.40680373
 -1.89   -0.40673140
 -1.88   -0.40664821
 -1.88   -0.40655264
 -1.88   -0.40644314
 -1.87   -0.40631815
 -1.87   -0.40617611
 -1.86   -0.40601548
 -1.86   -0.40583468
 -1.85   -0.40563216
 -1.85   -0.40540634
 -1.84   -0.40515568
 -1.84   -0.40487861
 -1.83   -0.40457357
 -1.83   -0.40423902
 -1.82   -0.40387342
 -1.82   -0.40347521
 -1.81   -0.40304289
 -1.81   -0.40257493
 -1.80   -0.40206982
 -1.79   -0.40152607
 -1.79   -0.40094220
 -1.78   -0.40031674
 -1.78   -0.39964825
 -1.77   -0.39893529
 -1.77   -0.39817645
 -1.76   -0.39737034
 -1.76   -0.39651558
 -1.75   -0.39561082
 -1.75   -0.39465474
 -1.74   -0.39364603
 -1.74   -0.39258343
 -1.73   -0.39146567
 -1.72   -0.39029155
 -1.72   -0.38905986
 -1.71   -0.38776945
 -1.71   -0.38641918
 -1.70   -0.38500797
 -1.70   -0.38353474
 -1.69   -0.38199847
 -1.69   -0.38039817
 -1.68   -0.37873288
 -1.67   -0.37700168
 -1.67   -0.37520369
 -1.66   -0.37333809
 -1.66   -0.37140406
 -1.65   -0.36940085
 -1.65   -0.36732775
 -1.64   -0.36518408
 -1.64   -0.36296923
 -1.63   -0.36068261
 -1.62   -0.35832369
 -1.62   -0.35589197
 -1.61   -0.35338702
 -1.61   -0.35080844
 -1.60   -0.34815590
 -1.60   -0.34542909
 -1.59   -0.34262777
 -1.59   -0.33975175
 -1.58   -0.33680088
 -1.57   -0.33377508
 -1.57   -0.33067429
 -1.56   -0.32749854
 -1.56   -0.32424789
 -1.55   -0.32092247
 -1.55   -0.31752243
 -1.54   -0.31404800
 -1.54   -0.31049947
 -1.53   -0.30687717
 -1.53   -0.30318148
 -1.52   -0.29941285
 -1.52   -0.29557177
 -1.51   -0.29165878
 -1.51   -0.28767449
 -1.50   -0.28361956
 -1.50   -0.27949470
 -1.49   -0.27530066
 -1.49   -0.27103827
 -1.48   -0.26670839
 -1.48   -0.26231194
 -1.47   -0.25784989
 -1.47   -0.25332326
 -1.46   -0.24873314
 -1.46   -0.24408063
 -1.45   -0.23936692
 -1.45   -0.23459322
 -1.45   -0.22976079
 -1.44   -0.22487096
 -1.44   -0.21992508
 -1.43   -0.21492455
 -1.43   -0.20987082
 -1.42   -0.20476538
 -1.42   -0.19960976
 -1.41   -0.19440553
 -1.41   -0.18915430
 -1.41   -0.18385772
 -1.40   -0.17851746
 -1.40   -0.17313524
 -1.39   -0.16771281
 -1.39   -0.16225196
 -1.39   -0.15675449
 -1.38   -0.15122224
 -1.38   -0.14565708
 -1.37   -0.14006090
 -1.37   -0.13443561
 -1.37   -0.12878314
 -1.36   -0.12310546
 -1.36   -0.11740453
 -1.36   -0.11168234
 -1.35   -0.10594090
 -1.35   -0.10018222
 -1.35   -0.09440834
 -1.34   -0.08862127
 -1.34   -0.08282308
 -1.34   -0.07701580
 -1.33   -0.07120149
 -1.33   -0.06538220
 -1.33   -0.05955998
 -1.32   -0.05373689
 -1.32   -0.04791497
 -1.32   -0.04209627
 -1.31   -0.03628281
 -1.31   -0.03047664
 -1.31   -0.02467976
 -1.31   -0.01889417
 -1.30   -0.01312188
 -1.30   -0.00736485
 -1.30   -0.00162505
 -1.29    0.00409559
 -1.29    0.00979513
 -1.29    0.01547167
 -1.29    0.02112333
 -1.28    0.02674826
 -1.28    0.03234461
 -1.28    0.03791057
 -1.28    0.04344436
 -1.27    0.04894422
 -1.27    0.05440840
 -1.27    0.05983522
 -1.27    0.06522299
 -1.27    0.07057007
 -1.26    0.07587483
 -1.26    0.08113570
 -1.26    0.08635111
 -1.26    0.09151954
 -1.25    0.09663949
 -1.25    0.10170951
 -1.25    0.10672815
 -1.25    0.11169403
 -1.25    0.11660578
 -1.25    0.12146205
 -1.24    0.12626155
 -1.24    0.13100300
 -1.24    0.13568517
 -1.24    0.14030684
 -1.24    0.14486684
 -1.24    0.14936401
 -1.23    0.15379724
 -1.23    0.15816545
 -1.23    0.16246757
 -1.23    0.16670257
 -1.23    0.17086947
 -1.23    0.17496727
 -1.23    0.17899505
 -1.23    0.18295189
 -1.22    0.18683688
 -1.22    0.19064917
 -1.22    0.19438793
 -1.22    0.19805232
 -1.22    0.20164157
 -1.22    0.20515491
 -1.22    0.20859159
 -1.22    0.21195088
 -1.22    0.21523209
 -1.22    0.21843454
 -1.21    0.22155757
 -1.21    0.22460053
 -1.21    0.22756280
 -1.21    0.23044379
 -1.21    0.23324289
 -1.21    0.23595955
 -1.21    0.23859321
 -1.21    0.24114333
 -1.21    0.24360938
 -1.21    0.24599087
 -1.21    0.24828729
 -1.21    0.25049817
 -1.21    0.25262303
 -1.21    0.25466143
 -1.21    0.25661291
 -1.21    0.25847704
 -1.21    0.26025340
 -1.21    0.26194159
 -1.21    0.26348114
 -1.21    0.26489318
 -1.21    0.26613881
 -1.21    0.26721779
 -1.21    0.26812990
 -1.21    0.26887495
 -1.21    0.26945279
 -1.21    0.26986330
 -1.21    0.27010639
 -1.21    0.27018202
 -1.21    0.27012788
 -1.21    0.27005716
 -1.21    0.27004530
 -1.21    0.26999166
 -1.21    0.26992135
 -1.21    0.26990975
 -1.21    0.26985617
 -1.21    0.26978566
 -1.21    0.26977356
 -1.21    0.26971912
 -1.21    0.26964735
 -1.21    0.26963353
 -1.21    0.26957686
 -1.21    0.26950230
 -1.22    0.26948509
 -1.22    0.26948725
 -1.22    0.26943308
 -1.22    0.26936000
 -1.22    0.26934323
 -1.22    0.26934470
 -1.22    0.26928863
 -1.22    0.26928788
 -1.22    0.26924145
 -1.23    0.26917414
 -1.23    0.26916102
 -1.23    0.26910107
 -1.23    0.26909451
 -1.23    0.26904026
 -1.23    0.26903851
 -1.23    0.26898815
 -1.24    0.26891385
 -1.24    0.26889061
 -1.24    0.26888017
 -1.24    0.26880653
 -1.24    0.26878239
 -1.25    0.26876942
 -1.25    0.26869159
 -1.25    0.26866154
 -1.25    0.26860319
 -1.25    0.26859139
 -1.26    0.26858779
 -1.26    0.26851626
 -1.26    0.26848938
 -1.26    0.26843098
 -1.27    0.26841587
 -1.27    0.26840562
 -1.27    0.26832403
 -1.27    0.26828362
 -1.28    0.26820818
 -1.28    0.26817245
 -1.28    0.26810019
 -1.28    0.26806614
 -1.29    0.26799403
 -1.29    0.26795857
 -1.29    0.26788347
 -1.30    0.26784342
 -1.30    0.26783761
 -1.30    0.26776453
 -1.30    0.26772402
 -1.31    0.26771521
 -1.31    0.26769948
 -1.31    0.26760046
 -1.32    0.26753052
 -1.32    0.26748879
 -1.32    0.26747437
 -1.33    0.26741083
 -1.33    0.26737275
 -1.33    0.26735922
 -1.34    0.26729378
 -1.34    0.26725099
 -1.34    0.26722992
 -1.35    0.26722960
 -1.35    0.26714836
 -1.36    0.26708594
 -1.36    0.26704135
 -1.36    0.26701363
 -1.37    0.26700176
 -1.37    0.26692921
 -1.37    0.26687052
 -1.38    0.26682467
 -1.38    0.26679068
 -1.39    0.26676750
 -1.39    0.26675412
 -1.39    0.26674948
 -1.40    0.26667702
 -1.40    0.26661122
 -1.41    0.26655107
 -1.41    0.26649553
 -1.41    0.26644357
 -1.42    0.26639413
 -1.42    0.26634618
 -1.43    0.26629866
 -1.43    0.26625052
 -1.43    0.26620070
 -1.44    0.26614814
 -1.44    0.26609180
 -1.45    0.26603061
 -1.45    0.26596353
 -1.46    0.26588950
 -1.46    0.26580747
 -1.47    0.26571639
 -1.47    0.26561524
 -1.47    0.26550297
 -1.48    0.26537855
 -1.48    0.26524096
 -1.49    0.26508918
 -1.49    0.26492221
 -1.50    0.26473906
 -1.50    0.26453872
 -1.51    0.26432022
 -1.51    0.26408259
 -1.51    0.26382487
 -1.52    0.26354613
 -1.52    0.26324543
 -1.53    0.26292184
 -1.53    0.26257447
 -1.54    0.26220243
 -1.54    0.26180484
 -1.55    0.26138084
 -1.55    0.26092959
 -1.55    0.26045027
 -1.56    0.25994207
 -1.56    0.25940421
 -1.57    0.25883590
 -1.57    0.25823640
 -1.58    0.25760498
 -1.58    0.25694093
 -1.59    0.25624355
 -1.59    0.25551219
 -1.59    0.25474619
 -1.60    0.25394492
 -1.60    0.25310779
 -1.61    0.25223421
 -1.61    0.25132362
 -1.62    0.25037551
 -1.62    0.24938934
 -1.62    0.24836465
 -1.63    0.24730096
 -1.63    0.24619785
 -1.64    0.24505491
 -1.64    0.24387174
 -1.65    0.24264799
 -1.65    0.24138333
 -1.65    0.24007744
 -1.66    0.23873005
 -1.66    0.23734090
 -1.67    0.23590977
 -1.67    0.23443645
 -1.67    0.23292076
 -1.68    0.23136256
 -1.68    0.22976173
 -1.69    0.22811817
 -1.69    0.22643182
 -1.69    0.22470263
 -1.70    0.22293060
 -1.70    0.22111573
 -1.71    0.21925807
 -1.71    0.21735769
 -1.71    0.21541467
 -1.72    0.21342916
 -1.72    0.21140128
 -1.72    0.20933122
 -1.73    0.20721919
 -1.73    0.20506540
 -1.73    0.20287011
 -1.74    0.20063361
 -1.74    0.19835621
 -1.74    0.19603822
 -1.75    0.19368003
 -1.75    0.19128199
 -1.75    0.18884454
 -1.76    0.18636809
 -1.76    0.18385312
 -1.76    0.18130009
 -1.77    0.17870953
 -1.77    0.17608195
 -1.77    0.17341791
 -1.77    0.17071800
 -1.78    0.16798280
 -1.78    0.16521295
 -1.78    0.16240908
 -1.79    0.15957187
 -1.79    0.15670200
 -1.79    0.15380017
 -1.79    0.15086713
 -1.80    0.14790362
 -1.80    0.14491040
 -1.80    0.14188827
 -1.80    0.13883803
 -1.81    0.13576052
 -1.81    0.13265656
 -1.81    0.12952704
 -1.81    0.12637282
 -1.81    0.12319480
 -1.82    0.11999390
 -1.82    0.11677104
 -1.82    0.11352716
 -1.82    0.11026322
 -1.82    0.10698020
 -1.83    0.10367908
 -1.83    0.10036087
 -1.83    0.09702656
 -1.83    0.09367720
 -1.83    0.09031381
 -1.83    0.08693745
 -1.84    0.08354917
 -1.84    0.08015005
 -1.84    0.07674116
 -1.84    0.07332359
 -1.84    0.06989845
 -1.84    0.06646683
 -1.84    0.06302986
 -1.84    0.05958866
 -1.85    0.05614435
 -1.85    0.05269807
 -1.85    0.04925097
 -1.85    0.04580419
 -1.85    0.04235889
 -1.85    0.03891621
 -1.85    0.03547733
 -1.85    0.03204341
 -1.85    0.02861562
 -1.85    0.02519513
 -1.85    0.02178311
 -1.85    0.01838074
 -1.86    0.01498920
 -1.86    0.01160967
 -1.86    0.00824332
 -1.86    0.00489134
 -1.86    0.00155490
 -1.86   -0.00176481
 -1.86   -0.00506662
 -1.86   -0.00834936
 -1.86   -0.01161183
 -1.86   -0.01485289
 -1.86   -0.01807134
 -1.86   -0.02126602
 -1.86   -0.02443578
 -1.86   -0.02751693
 -1.86   -0.03053067
 -1.86   -0.03343573
 -1.86   -0.03623107
 -1.86   -0.03891568
 -1.86   -0.04148861
 -1.86   -0.04394894
 -1.86   -0.04629581
 -1.86   -0.04852838
 -1.86   -0.05064587
 -1.86   -0.05264754
 -1.86   -0.05453271
 -1.86   -0.05630070
 -1.86   -0.05795092
 -1.86   -0.05948280
 -1.86   -0.06089581
 -1.86   -0.06218946
 -1.86   -0.06336333
 -1.86   -0.06443037
 -1.86   -0.06541696
 -1.86   -0.06628266
 -1.86   -0.06702717
 -1.86   -0.06765024
 -1.86   -0.06815165
 -1.86   -0.06853124
 -1.86   -0.06878887
 -1.86   -0.06892445
 -1.86   -0.06896468
 -1.86   -0.06892188
 -1.86   -0.06895235
 -1.86   -0.06889978
 -1.86   -0.06892044
 -1.86   -0.06885802
 -1.86   -0.06882970
 -1.86   -0.06887451
 -1.86   -0.06883610
 -1.86   -0.06887070
 -1.86   -0.06882192
 -1.86   -0.06884600
 -1.86   -0.06878653
 -1.85   -0.06876065
 -1.85   -0.06880734
 -1.85   -0.06877017
 -1.85   -0.06880531
 -1.85   -0.06875632
 -1.85   -0.06877937
 -1.85   -0.06871801
 -1.85   -0.06868931
 -1.85   -0.06873218
 -1.85   -0.06869015
 -1.85   -0.06871933
 -1.85   -0.06866323
 -1.85   -0.06863887
 -1.84   -0.06868513
 -1.84   -0.06864549
 -1.84   -0.06867602
 -1.84   -0.06862018
 -1.84   -0.06859496
 -1.84   -0.06863920
 -1.84   -0.06859633
 -1.84   -0.06862239
 -1.84   -0.06856080
 -1.83   -0.06852852
 -1.83   -0.06856434
 -1.83   -0.06851166
 -1.83   -0.06852648
 -1.83   -0.06845220
 -1.83   -0.06840573
 -1.83   -0.06842584
 -1.82   -0.06835590
 -1.82   -0.06831280
 -1.82   -0.06833528
 -1.82   -0.06826669
 -1.82   -0.06822390
 -1.82   -0.06824562
 -1.81   -0.06817519
 -1.81   -0.06812945
 -1.81   -0.06814710
 -1.81   -0.06807145
 -1.81   -0.06801933
 -1.81   -0.06799034
 -1.80   -0.06802316
 -1.80   -0.06796104
 -1.80   -0.06792079
 -1.80   -0.06794106
 -1.80   -0.06786511
 -1.79   -0.06780971
 -1.79   -0.06777444
 -1.79   -0.06779792
 -1.79   -0.06772337
 -1.78   -0.06766755
 -1.78   -0.06763001
 -1.78   -0.06764934
 -1.78   -0.06764691
 -1.78   -0.06763523
 -1.77   -0.06761379
 -1.77   -0.06758209
 -1.77   -0.06760474
 -1.77   -0.06760307
 -1.76   -0.06758956
 -1.76   -0.06756367
 -1.76   -0.06759001
 -1.76   -0.06758986
 -1.75   -0.06757570
 -1.75   -0.06754697
 -1.75   -0.06756824
 -1.75   -0.06756079
 -1.74   -0.06753708
 -1.74   -0.06756166
 -1.74   -0.06755580
 -1.74   -0.06753193
 -1.73   -0.06755460
 -1.73   -0.06754505
 -1.73   -0.06751572
 -1.72   -0.06753114
 -1.72   -0.06751255
 -1.72   -0.06747237
 -1.72   -0.06747513
 -1.71   -0.06744207
 -1.71   -0.06745073
 -1.71   -0.06742234
 -1.70   -0.06743442
 -1.70   -0.06740820
 -1.70   -0.06742120
 -1.70   -0.06739464
 -1.69   -0.06740603
 -1.69   -0.06737658
 -1.69   -0.06738381
 -1.68   -0.06734892
 -1.68   -0.06734943
 -1.68   -0.06730653
 -1.68   -0.06725867
 -1.67   -0.06720518
 -1.67   -0.06714545
 -1.67   -0.06707884
 -1.66   -0.06700472
 -1.66   -0.06700064
 -1.66   -0.06696172
 -1.65   -0.06691337
 -1.65   -0.06685494
 -1.65   -0.06678578
 -1.64   -0.06678343
 -1.64   -0.06674302
 -1.64   -0.06668995
 -1.64   -0.06662355
 -1.63   -0.06662136
 -1.63   -0.06657850
 -1.63   -0.06652038
 -1.62   -0.06644632
 -1.62   -0.06643388
 -1.62   -0.06637816
 -1.61   -0.06630459
 -1.61   -0.06629068
 -1.61   -0.06623156
 -1.60   -0.06623080
 -1.60   -0.06618352
 -1.60   -0.06611512
 -1.59   -0.06610313
 -1.59   -0.06604266
 -1.59   -0.06603732
 -1.59   -0.06598220
 -1.58   -0.06598090
 -1.58   -0.06592854
 -1.58   -0.06585052
 -1.57   -0.06582438
 -1.57   -0.06577132
 -1.57   -0.06576886
 -1.56   -0.06571215
 -1.56   -0.06570478
 -1.56   -0.06564188
 -1.55   -0.06562705
 -1.55   -0.06562057
 -1.55   -0.06554365
 -1.55   -0.06551291
 -1.54   -0.06544957
 -1.54   -0.06543118
 -1.54   -0.06541804
 -1.53   -0.06533137
 -1.53   -0.06528782
 -1.53   -0.06528680
 -1.52   -0.06522346
 -1.52   -0.06520142
 -1.52   -0.06514193
 -1.52   -0.06512254
 -1.51   -0.06510360
 -1.51   -0.06500634
 -1.51   -0.06494747
 -1.50   -0.06492640
 -1.50   -0.06486438
 -1.50   -0.06483902
 -1.50   -0.06477157
 -1.49   -0.06473966
 -1.49   -0.06466455
 -1.49   -0.06462387
 -1.48   -0.06461709
 -1.48   -0.06453941
 -1.48   -0.06449455
 -1.48   -0.06448197
 -1.47   -0.06446204
 -1.47   -0.06435606
 -1.47   -0.06428078
 -1.47   -0.06423572
 -1.46   -0.06422035
 -1.46   -0.06415599
 -1.46   -0.06412030
 -1.46   -0.06411280
 -1.45   -0.06409389
 -1.45   -0.06398493
 -1.45   -0.06390270
 -1.45   -0.06384675
 -1.44   -0.06381662
 -1.44   -0.06381184
 -1.44   -0.06372770
 -1.44   -0.06366801
 -1.43   -0.06363231
 -1.43   -0.06362017
 -1.43   -0.06355296
 -1.43   -0.06350842
 -1.43   -0.06348616
 -1.42   -0.06348573
 -1.42   -0.06340248
 -1.42   -0.06334025
 -1.42   -0.06329865
 -1.41   -0.06327729
 -1.41   -0.06327577
 -1.41   -0.06318945
 -1.41   -0.06312223
 -1.41   -0.06307373
 -1.40   -0.06304360
 -1.40   -0.06303148
 -1.40   -0.06295882
 -1.40   -0.06290347
 -1.40   -0.06286510
 -1.40   -0.06284339
 -1.39   -0.06283800
 -1.39   -0.06280950
 -1.39   -0.06267942
 -1.39   -0.06256475
 -1.39   -0.06246523
 -1.39   -0.06238059
 -1.38   -0.06231056
 -1.38   -0.06225489
 -1.38   -0.06221331
 -1.38   -0.06218556
 -1.38   -0.06217138
 -1.38   -0.06217051
 -1.38   -0.06207843
 -1.38   -0.06199919
 -1.37   -0.06193257
 -1.37   -0.06187836
 -1.37   -0.06183636
 -1.37   -0.06180635
 -1.37   -0.06178814
 -1.37   -0.06178152
 -1.37   -0.06170810
 -1.37   -0.06164590
 -1.37   -0.06159475
 -1.36   -0.06155452
 -1.36   -0.06152503
 -1.36   -0.06150613
 -1.36   -0.06149768
 -1.36   -0.06142132
 -1.36   -0.06135513
 -1.36   -0.06129902
 -1.36   -0.06125287
 -1.36   -0.06121658
 -1.36   -0.06119005
 -1.36   -0.06117318
 -1.36   -0.06116588
 -1.36   -0.06108987
 -1.36   -0.06102327
 -1.36   -0.06096604
 -1.36   -0.06091814
 -1.36   -0.06087953
 -1.36   -0.06085016
 -1.35   -0.06083000
 -1.35   -0.06081901
 -1.35   -0.06081716
 -1.35   -0.06072017
 -1.35   -0.06063232
 -1.35   -0.06055364
 -1.35   -0.06054655
 -1.35   -0.06048452
 -1.35   -0.06043376
 -1.35   -0.06039428
 -1.35   -0.06040522
 -1.35   -0.06038842
 -1.36   -0.06035694
 -1.36   -0.06037597
 -1.36   -0.06036737
 -1.36   -0.06034418
 -1.36   -0.06037164
 -1.36   -0.06037158
 -1.36   -0.06035708
 -1.36   -0.06032821
 -1.36   -0.06035019
 -1.36   -0.06034489
 -1.36   -0.06032542
 -1.36   -0.06029186
 -1.36   -0.06030944
 -1.36   -0.06030008
 -1.36   -0.06027688
 -1.36   -0.06030510
 -1.36   -0.06022844
 -1.36   -0.06016431
 -1.36   -0.06011283
 -1.36   -0.06007415
 -1.36   -0.06008748
 -1.36   -0.06007478
 -1.36   -0.06004919
 -1.36   -0.06007601
 -1.37   -0.05999898
 -1.37   -0.05993553
 -1.37   -0.05988583
 -1.37   -0.05985004
 -1.37   -0.05986744
 -1.37   -0.05985999
 -1.37   -0.05984087
 -1.37   -0.05981026
 -1.37   -0.05983349
 -1.37   -0.05983254
 -1.37   -0.05982060
 -1.37   -0.05979785
 -1.38   -0.05976449
 -1.38   -0.05978588
 -1.38   -0.05978400
 -1.38   -0.05977209
 -1.38   -0.05975033
 -1.38   -0.05971895
 -1.38   -0.05974332
 -1.38   -0.05966725
 -1.38   -0.05960826
 -1.38   -0.05956659
 -1.39   -0.05958159
 -1.39   -0.05957530
 -1.39   -0.05956098
 -1.39   -0.05953886
 -1.39   -0.05950919
 -1.39   -0.05953737
 -1.39   -0.05946727
 -1.39   -0.05941642
 -1.40   -0.05938509
 -1.40   -0.05941267
 -1.40   -0.05934302
 -1.40   -0.05929370
 -1.40   -0.05930410
 -1.40   -0.05929632
 -1.40   -0.05928365
 -1.40   -0.05926637
 -1.41   -0.05924476
 -1.41   -0.05921912
 -1.41   -0.05925491
 -1.41   -0.05919601
 -1.41   -0.05916000
 -1.41   -0.05918631
 -1.41   -0.05911884
 -1.42   -0.05907520
 -1.42   -0.05909481
 -1.42   -0.05902159
 -1.42   -0.05897316
 -1.42   -0.05898896
 -1.42   -0.05891291
 -1.43   -0.05886265
 -1.43   -0.05887761
 -1.43   -0.05880175
 -1.43   -0.05875268
 -1.43   -0.05876988
 -1.43   -0.05869727
 -1.44   -0.05865252
 -1.44   -0.05867506
 -1.44   -0.05860886
 -1.44   -0.05857157
 -1.44   -0.05860263
 -1.44   -0.05854602
 -1.45   -0.05851937
 -1.45   -0.05856216
 -1.45   -0.05851833
 -1.45   -0.05854464
 -1.45   -0.05848506
 -1.45   -0.05845724
 -1.46   -0.05850067
 -1.46   -0.05845931
 -1.46   -0.05848991
 -1.46   -0.05843646
 -1.46   -0.05845572
 -1.47   -0.05839168
 -1.47   -0.05836201
 -1.47   -0.05840620
 -1.47   -0.05836822
 -1.47   -0.05840486
 -1.47   -0.05836008
 -1.48   -0.05839067
 -1.48   -0.05834062
 -1.48   -0.05836670
 -1.48   -0.05831290
 -1.48   -0.05833603
 -1.49   -0.05828005
 -1.49   -0.05830179
 -1.49   -0.05824521
 -1.49   -0.05826712
 -1.49   -0.05821152
 -1.49   -0.05823520
 -1.50   -0.05818215
 -1.50   -0.05820919
 -1.50   -0.05816028
 -1.50   -0.05819225
 -1.50   -0.05814907
 -1.51   -0.05818755
 -1.51   -0.05815167
 -1.51   -0.05819824
 -1.51   -0.05817122
 -1.51   -0.05822742
 -1.51   -0.05824992
 -1.52   -0.05820000
 -1.52   -0.05823446
 -1.52   -0.05819729
 -1.52   -0.05824528
 -1.52   -0.05822243
 -1.53   -0.05828551
 -1.53   -0.05831762
 -1.53   -0.05828001
 -1.53   -0.05832949
 -1.53   -0.05831004
 -1.54   -0.05837844
 -1.54   -0.05841777
 -1.54   -0.05838928
 -1.54   -0.05844978
 -1.54   -0.05848233
 -1.54   -0.05844821
 -1.55   -0.05850419
 -1.55   -0.05853336
 -1.55   -0.05849697
 -1.55   -0.05855182
 -1.55   -0.05858097
 -1.55   -0.05854568
 -1.56   -0.05860274
 -1.56   -0.05863522
 -1.56   -0.05860436
 -1.56   -0.05866694
 -1.56   -0.05870602
 -1.57   -0.05868285
 -1.57   -0.05875419
 -1.57   -0.05880309
 -1.57   -0.05879080
 -1.57   -0.05879585
 -1.57   -0.05880558
 -1.58   -0.05882035
 -1.58   -0.05884049
 -1.58   -0.05886637
 -1.58   -0.05883315
 -1.58   -0.05889758
 -1.58   -0.05894272
 -1.58   -0.05892978
 -1.59   -0.05893727
 -1.59   -0.05895253
 -1.59   -0.05897586
 -1.59   -0.05900761
 -1.59   -0.05898292
 -1.59   -0.05905853
 -1.60   -0.05911744
 -1.60   -0.05915996
 -1.60   -0.05914729
 -1.60   -0.05915791
 -1.60   -0.05917912
 -1.60   -0.05921122
 -1.60   -0.05918933
 -1.61   -0.05919197
 -1.61   -0.05920641
 -1.61   -0.05923293
 -1.61   -0.05920667
 -1.61   -0.05928431
 -1.61   -0.05934883
 -1.61   -0.05940048
 -1.61   -0.05943953
 -1.62   -0.05942714
 -1.62   -0.05944174
 -1.62   -0.05947060
 -1.62   -0.05944879
 -1.62   -0.05945477
 -1.62   -0.05947579
 -1.62   -0.05951208
 -1.62   -0.05949873
 -1.63   -0.05951415
 -1.63   -0.05954558
 -1.63   -0.05952808
 -1.63   -0.05954007
 -1.63   -0.05956875
 -1.63   -0.05954918
 -1.63   -0.05955978
 -1.63   -0.05958773
 -1.63   -0.05956808
 -1.63   -0.05957923
 -1.64   -0.05960837
 -1.64   -0.05959051
 -1.64   -0.05960404
 -1.64   -0.05963614
 -1.64   -0.05962181
 -1.64   -0.05963942
 -1.64   -0.05967614
 -1.64   -0.05966695
 -1.64   -0.05969021
 -1.64   -0.05966789
 -1.64   -0.05967836
 -1.64   -0.05970873
 -1.64   -0.05969399
 -1.65   -0.05971248
 -1.65   -0.05975129
 -1.65   -0.05974541
 -1.65   -0.05977314
 -1.65   -0.05975641
 -1.65   -0.05977354
 -1.65   -0.05981162
 -1.65   -0.05980559
 -1.65   -0.05983373
 -1.65   -0.05981797
 -1.65   -0.05983657
 -1.65   -0.05987662
 -1.65   -0.05987302
 -1.65   -0.05990403
 -1.65   -0.05989154
 -1.65   -0.05991382
 -1.65   -0.05989274
 -1.65   -0.05990655
 -1.65   -0.05994229
 -1.65   -0.05993483
 -1.65   -0.05996241
 -1.65   -0.05994688
 -1.65   -0.05996646
 -1.65   -0.06000817
 -1.65   -0.06004594
 -1.65   -0.06004070
 -1.65   -0.06007063
 -1.65   -0.06005757
 -1.65   -0.06007969
 -1.65   -0.06003207
 -1.65   -0.06005774
 -1.65   -0.06003839
 -1.65   -0.06005221
 -1.65   -0.06002101
 -1.65   -0.06002297
 -1.65   -0.05997990
 -1.65   -0.05993089
 -1.65   -0.05987594
 -1.65   -0.05981505
 -1.65   -0.05974823
 -1.65   -0.05967550
 -1.65   -0.05967507
 -1.65   -0.05964268
 -1.65   -0.05964346
 -1.65   -0.05959923
 -1.65   -0.05954904
 -1.65   -0.05949289
 -1.65   -0.05943076
 -1.65   -0.05936267
 -1.65   -0.05928859
 -1.65   -0.05928675
 -1.65   -0.05925285
 -1.65   -0.05925203
 -1.65   -0.05920608
 -1.65   -0.05915404
 -1.65   -0.05909590
 -1.65   -0.05903164
 -1.65   -0.05896124
 -1.65   -0.05888468
 -1.65   -0.05888016
 -1.65   -0.05884339
 -1.65   -0.05880038
 -1.65   -0.05875109
 -1.65   -0.05869549
 -1.65   -0.05863355
 -1.65   -0.05856524
 -1.65   -0.05849054
 -1.65   -0.05848763
 -1.65   -0.05845219
 -1.65   -0.05844934
 -1.65   -0.05840083
 -1.65   -0.05834571
 -1.65   -0.05828392
 -1.65   -0.05821541
 -1.65   -0.05814017
 -1.65   -0.05813635
 -1.65   -0.05809963
 -1.65   -0.05805601
 -1.65   -0.05800543
 -1.65   -0.05794784
 -1.65   -0.05788318
 -1.64   -0.05781141
 -1.64   -0.05781070
 -1.64   -0.05777669
 -1.64   -0.05777450
 -1.64   -0.05772584
 -1.64   -0.05766976
 -1.64   -0.05760616
 -1.64   -0.05753500
 -1.64   -0.05753443
 -1.64   -0.05750010
 -1.64   -0.05749712
 -1.64   -0.05744718
 -1.64   -0.05738932
 -1.64   -0.05732345
 -1.64   -0.05724950
 -1.64   -0.05724564
 -1.64   -0.05720750
 -1.64   -0.05716107
 -1.64   -0.05710625
 -1.64   -0.05704298
 -1.64   -0.05697117
 -1.64   -0.05696899
 -1.64   -0.05693205
 -1.64   -0.05688634
 -1.63   -0.05683176
 -1.63   -0.05676823
 -1.63   -0.05669568
 -1.63   -0.05669224
 -1.63   -0.05665355
 -1.63   -0.05660557
 -1.63   -0.05654822
 -1.63   -0.05648139
 -1.63   -0.05640502
 -1.63   -0.05639724
 -1.63   -0.05635368
 -1.63   -0.05630031
 -1.63   -0.05623702
 -1.63   -0.05616373
 -1.63   -0.05615857
 -1.63   -0.05611717
 -1.63   -0.05606549
 -1.63   -0.05600342
 -1.63   -0.05593087
 -1.63   -0.05592598
 -1.62   -0.05588437
 -1.62   -0.05583198
 -1.62   -0.05576872
 -1.62   -0.05569450
 -1.62   -0.05568745
 -1.62   -0.05564317
 -1.62   -0.05558763
 -1.62   -0.05552072
 -1.62   -0.05552057
 -1.62   -0.05548278
 -1.62   -0.05543331
 -1.62   -0.05537205
 -1.62   -0.05529890
 -1.62   -0.05529200
 -1.62   -0.05524693
 -1.62   -0.05518968
 -1.62   -0.05512012
 -1.62   -0.05511638
 -1.61   -0.05507407
 -1.61   -0.05501913
 -1.61   -0.05495147
 -1.61   -0.05494920
 -1.61   -0.05490792
 -1.61   -0.05485360
 -1.61   -0.05478611
 -1.61   -0.05478359
 -1.61   -0.05474162
 -1.61   -0.05468618
 -1.61   -0.05461714
 -1.61   -0.05461264
 -1.61   -0.05456827
 -1.61   -0.05450998
 -1.61   -0.05443767
 -1.61   -0.05442948
 -1.61   -0.05438098
 -1.60   -0.05431815
 -1.60   -0.05424088
 -1.60   -0.05422730
 -1.60   -0.05417301
 -1.60   -0.05410398
 -1.60   -0.05409832
 -1.60   -0.05405164
 -1.60   -0.05398988
 -1.60   -0.05391295
 -1.60   -0.05389898
 -1.60   -0.05384357
 -1.60   -0.05377269
 -1.60   -0.05376446
 -1.60   -0.05371448
 -1.60   -0.05364872
 -1.60   -0.05364529
 -1.60   -0.05359980
 -1.59   -0.05353821
 -1.59   -0.05346041
 -1.59   -0.05344455
 -1.59   -0.05345141
 -1.59   -0.05340266
 -1.59   -0.05333730
 -1.59   -0.05333345
 -1.59   -0.05328671
 -1.59   -0.05322306
 -1.59   -0.05322062
 -1.59   -0.05317498
 -1.59   -0.05311213
 -1.59   -0.05311019
 -1.59   -0.05306477
 -1.59   -0.05300183
 -1.59   -0.05299952
 -1.59   -0.05295343
 -1.59   -0.05288953
 -1.59   -0.05288598
 -1.58   -0.05283836
 -1.58   -0.05277267
 -1.58   -0.05276703
 -1.58   -0.05271706
 -1.58   -0.05264874
 -1.58   -0.05264022
 -1.58   -0.05258709
 -1.58   -0.05251536
 -1.58   -0.05250317
 -1.58   -0.05244614
 -1.58   -0.05237025
 -1.58   -0.05235366
 -1.58   -0.05235718
 -1.58   -0.05230249
 -1.58   -0.05222860
 -1.58   -0.05221370
 -1.58   -0.05221856
 -1.58   -0.05216490
 -1.58   -0.05209172
 -1.58   -0.05207720
 -1.58   -0.05201695
 -1.58   -0.05201523
 -1.57   -0.05196762
 -1.57   -0.05190015
 -1.57   -0.05189096
 -1.57   -0.05183569
 -1.57   -0.05176035
 -1.57   -0.05174311
 -1.57   -0.05174479
 -1.57   -0.05168709
 -1.57   -0.05160905
 -1.57   -0.05158886
 -1.57   -0.05158734
 -1.57   -0.05152619
 -1.57   -0.05152271
 -1.57   -0.05147251
 -1.57   -0.05140161
 -1.57   -0.05138820
 -1.57   -0.05132792
 -1.57   -0.05132504
 -1.57   -0.05127517
 -1.57   -0.05120434
 -1.57   -0.05119076
 -1.57   -0.05113006
 -1.57   -0.05112651
 -1.57   -0.05107576
 -1.57   -0.05100382
 -1.57   -0.05098891
 -1.57   -0.05099187
 -1.57   -0.05093441
 -1.57   -0.05093386
 -1.57   -0.05088584
 -1.57   -0.05081639
 -1.57   -0.05080374
 -1.56   -0.05074352
 -1.56   -0.05074005
 -1.56   -0.05068895
 -1.56   -0.05061628
 -1.56   -0.05060027
 -1.56   -0.05060175
 -1.56   -0.05054249
 -1.56   -0.05053980
 -1.56   -0.05048933
 -1.56   -0.05041714
 -1.56   -0.05040148
 -1.56   -0.05040319
 -1.56   -0.05034402
 -1.56   -0.05034132
 -1.56   -0.05029075
 -1.56   -0.05021836
 -1.56   -0.05020241
 -1.56   -0.05020377
 -1.56   -0.05014419
 -1.56   -0.05014101
 -1.56   -0.05008992
 -1.56   -0.05001698
 -1.56   -0.05000045
 -1.56   -0.05000120
 -1.56   -0.04994101
 -1.56   -0.04993724
 -1.56   -0.04988555
 -1.56   -0.04981204
 -1.56   -0.04975240
 -1.56   -0.04974578
 -1.56   -0.04969166
 -1.56   -0.04962023
 -1.56   -0.04956274
 -1.56   -0.04958510
 -1.56   -0.04948177
 -1.56   -0.04947514
 -1.56   -0.04943412
 -1.56   -0.04947747
 -1.56   -0.04946002
 -1.56   -0.04948678
 -1.56   -0.04938786
 -1.56   -0.04932080
 -1.56   -0.04933813
 -1.56   -0.04930810
 -1.56   -0.04936247
 -1.56   -0.04935608
 -1.56   -0.04931534
 -1.56   -0.04935899
 -1.56   -0.04927702
 -1.56   -0.04921355
 -1.56   -0.04923004
 -1.56   -0.04919922
 -1.56   -0.04925282
 -1.56   -0.04918084
 -1.56   -0.04912740
 -1.56   -0.04915396
 -1.56   -0.04905497
 -1.56   -0.04905282
 -1.56   -0.04901644
 -1.56   -0.04906457
 -1.56   -0.04898718
 -1.56   -0.04892842
 -1.56   -0.04894973
 -1.56   -0.04884557
 -1.56   -0.04877348
 -1.56   -0.04872009
 -1.56   -0.04874687
 -1.56   -0.04864827
 -1.56   -0.04864668
 -1.56   -0.04861103
 -1.56   -0.04866006
 -1.56   -0.04858374
 -1.56   -0.04852620
 -1.56   -0.04854891
 -1.56   -0.04844631
 -1.56   -0.04837594
 -1.56   -0.04832444
 -1.56   -0.04835327
 -1.56   -0.04825688
 -1.56   -0.04817941
 -1.56   -0.04811643
 -1.56   -0.04813387
 -1.56   -0.04810443
 -1.56   -0.04815988
 -1.56   -0.04809018
 -1.56   -0.04803946
 -1.56   -0.04806917
 -1.56   -0.04797377
 -1.56   -0.04789740
 -1.56   -0.04783563
 -1.56   -0.04785439
 -1.56   -0.04782637
 -1.56   -0.04788334
 -1.56   -0.04788013
 -1.56   -0.04784315
 -1.56   -0.04789115
 -1.56   -0.04781409
 -1.56   -0.04775611
 -1.56   -0.04777868
 -1.56   -0.04767623
 -1.56   -0.04760631
 -1.56   -0.04755556
 -1.56   -0.04758543
 -1.56   -0.04749038
 -1.56   -0.04741453
 -1.56   -0.04735348
 -1.56   -0.04737315
 -1.56   -0.04734622
 -1.56   -0.04740447
 -1.56   -0.04740273
 -1.56   -0.04736741
 -1.56   -0.04741725
 -1.56   -0.04734222
 -1.56   -0.04728645
 -1.56   -0.04731142
 -1.56   -0.04721155
 -1.56   -0.04714440
 -1.56   -0.04716249
 -1.56   -0.04713407
 -1.56   -0.04719091
 -1.56   -0.04712296
 -1.56   -0.04714027
 -1.56   -0.04711106
 -1.56   -0.04716712
 -1.56   -0.04709839
 -1.56   -0.04711492
 -1.56   -0.04708493
 -1.56   -0.04714021
 -1.56   -0.04713558
 -1.56   -0.04709745
 -1.56   -0.04714457
 -1.56   -0.04706690
 -1.56   -0.04700859
 -1.56   -0.04703109
 -1.56   -0.04692885
 -1.56   -0.04685941
 -1.56   -0.04680940
 -1.56   -0.04684030
 -1.56   -0.04674654
 -1.56   -0.04667226
 -1.56   -0.04661304
 -1.56   -0.04663480
 -1.56   -0.04653198
 -1.56   -0.04652700
 -1.56   -0.04648877
 -1.56   -0.04653603
 -1.56   -0.04645875
 -1.56   -0.04640107
 -1.56   -0.04642447
 -1.56   -0.04632336
 -1.56   -0.04625529
 -1.56   -0.04627281
 -1.56   -0.04624416
 -1.56   -0.04630110
 -1.56   -0.04629847
 -1.56   -0.04626266
 -1.56   -0.04631244
 -1.56   -0.04623776
 -1.56   -0.04618276
 -1.56   -0.04620891
 -1.56   -0.04611063
 -1.56   -0.04604548
 -1.56   -0.04606600
 -1.56   -0.04596215
 -1.56   -0.04589149
 -1.56   -0.04584066
 -1.56   -0.04587112
 -1.56   -0.04577730
 -1.56   -0.04570334
 -1.56   -0.04564484
 -1.56   -0.04566771
 -1.56   -0.04556638
 -1.56   -0.04556326
 -1.56   -0.04552728
 -1.56   -0.04557718
 -1.56   -0.04550291
 -1.56   -0.04544862
 -1.56   -0.04547578
 -1.56   -0.04537880
 -1.56   -0.04530186
 -1.56   -0.04524052
 -1.56   -0.04526072
 -1.56   -0.04515688
 -1.56   -0.04508654
 -1.56   -0.04503636
 -1.56   -0.04506781
 -1.56   -0.04497528
 -1.56   -0.04490295
 -1.56   -0.04484639
 -1.56   -0.04487154
 -1.56   -0.04477279
 -1.56   -0.04477259
 -1.56   -0.04473983
 -1.56   -0.04479329
 -1.56   -0.04472288
 -1.56   -0.04467277
 -1.56   -0.04470442
 -1.56   -0.04461224
 -1.56   -0.04454041
 -1.56   -0.04448449
 -1.56   -0.04451042
 -1.56   -0.04441260
 -1.56   -0.04434859
 -1.56   -0.04437094
 -1.56   -0.04426959
 -1.56   -0.04426700
 -1.56   -0.04423206
 -1.56   -0.04428354
 -1.56   -0.04421135
 -1.56   -0.04415967
 -1.56   -0.04418997
 -1.56   -0.04409664
 -1.56   -0.04402386
 -1.56   -0.04396721
 -1.56   -0.04399261
 -1.56   -0.04389447
 -1.56   -0.04383036
 -1.56   -0.04385282
 -1.56   -0.04375179
 -1.56   -0.04374973
 -1.56   -0.04371553
 -1.56   -0.04376795
 -1.56   -0.04369692
 -1.56   -0.04364661
 -1.56   -0.04367848
 -1.56   -0.04358693
 -1.56   -0.04351614
 -1.56   -0.04346168
 -1.56   -0.04348949
 -1.56   -0.04339396
 -1.56   -0.04331927
 -1.56   -0.04326099
 -1.56   -0.04328507
 -1.56   -0.04318589
 -1.56   -0.04312103
 -1.56   -0.04314304
 -1.56   -0.04304185
 -1.56   -0.04303992
 -1.56   -0.04300614
 -1.56   -0.04305929
 -1.56   -0.04298928
 -1.56   -0.04294027
 -1.56   -0.04297374
 -1.56   -0.04288409
 -1.56   -0.04281548
 -1.56   -0.04276350
 -1.56   -0.04279407
 -1.56   -0.04270159
 -1.56   -0.04263024
 -1.56   -0.04257560
 -1.56   -0.04260359
 -1.56   -0.04250861
 -1.56   -0.04244822
 -1.56   -0.04247499
 -1.56   -0.04237884
 -1.56   -0.04230395
 -1.56   -0.04224590
 -1.56   -0.04227063
 -1.56   -0.04217253
 -1.56   -0.04209577
 -1.56   -0.04203594
 -1.56   -0.04205898
 -1.56   -0.04195927
 -1.56   -0.04188101
 -1.56   -0.04181976
 -1.56   -0.04184146
 -1.56   -0.04174052
 -1.56   -0.04167449
 -1.56   -0.04169594
 -1.56   -0.04159479
 -1.56   -0.04159351
 -1.56   -0.04156099
 -1.56   -0.04161600
 -1.56   -0.04154844
 -1.56   -0.04156840
 -1.56   -0.04146580
 -1.56   -0.04139824
 -1.56   -0.04141827
 -1.56   -0.04131580
 -1.56   -0.04131332
 -1.56   -0.04127969
 -1.56   -0.04133371
 -1.56   -0.04126527
 -1.56   -0.04128446
 -1.56   -0.04118121
 -1.56   -0.04111310
 -1.56   -0.04113270
 -1.56   -0.04102991
 -1.56   -0.04102721
 -1.56   -0.04099349
 -1.56   -0.04104752
 -1.56   -0.04097920
 -1.56   -0.04099863
 -1.56   -0.04089573
 -1.56   -0.04082808
 -1.56   -0.04084824
 -1.56   -0.04074613
 -1.56   -0.04074423
 -1.56   -0.04071141
 -1.56   -0.04076646
 -1.56   -0.04069926
 -1.56   -0.04071992
 -1.56   -0.04061836
 -1.56   -0.04055216
 -1.56   -0.04057388
 -1.56   -0.04047343
 -1.56   -0.04047329
 -1.56   -0.04044234
 -1.56   -0.04049936
 -1.56   -0.04043424
 -1.56   -0.04045709
 -1.56   -0.04035780
 -1.56   -0.04028059
 -1.56   -0.04022103
 -1.56   -0.04024507
 -1.56   -0.04014706
 -1.56   -0.04007122
 -1.56   -0.04001311
 -1.56   -0.04003869
 -1.56   -0.03994232
 -1.56   -0.03986820
 -1.56   -0.03981190
 -1.56   -0.03983937
 -1.56   -0.03974497
 -1.56   -0.03967291
 -1.56   -0.03961876
 -1.56   -0.03964845
 -1.56   -0.03955636
 -1.56   -0.03948669
 -1.56   -0.03943500
 -1.56   -0.03946725
 -1.56   -0.03937779
 -1.56   -0.03931081
 -1.56   -0.03926190
 -1.56   -0.03929700
 -1.56   -0.03921046
 -1.56   -0.03914649
 -1.56   -0.03916657
 -1.56   -0.03906507
 -1.56   -0.03899959
 -1.56   -0.03902269
 -1.56   -0.03892426
 -1.56   -0.03884853
 -1.56   -0.03879105
 -1.56   -0.03881778
 -1.56   -0.03872308
 -1.56   -0.03865115
 -1.56   -0.03859757
 -1.56   -0.03862827
 -1.56   -0.03853762
 -1.56   -0.03846983
 -1.56   -0.03842045
 -1.56   -0.03845544
 -1.56   -0.03836915
 -1.56   -0.03830578
 -1.56   -0.03832683
 -1.56   -0.03822664
 -1.56   -0.03816283
 -1.56   -0.03818796
 -1.56   -0.03809192
 -1.56   -0.03801891
 -1.56   -0.03796451
 -1.56   -0.03799468
 -1.56   -0.03790375
 -1.56   -0.03783594
 -1.56   -0.03778682
 -1.56   -0.03782233
 -1.56   -0.03773682
 -1.56   -0.03767450
 -1.56   -0.03769685
 -1.56   -0.03759824
 -1.56   -0.03752287
 -1.56   -0.03746632
 -1.56   -0.03749454
 -1.56   -0.03740187
 -1.56   -0.03733252
 -1.56   -0.03728208
 -1.56   -0.03731649
 -1.56   -0.03723008
 -1.56   -0.03716708
 -1.56   -0.03718897
 -1.56   -0.03709010
 -1.56   -0.03702808
 -1.56   -0.03705548
 -1.56   -0.03696217
 -1.56   -0.03689238
 -1.56   -0.03684166
 -1.56   -0.03687598
 -1.56   -0.03678967
 -1.56   -0.03672694
 -1.56   -0.03674929
 -1.56   -0.03665106
 -1.56   -0.03657647
 -1.56   -0.03652109
 -1.56   -0.03655088
 -1.56   -0.03646017
 -1.56   -0.03639317
 -1.56   -0.03634547
 -1.56   -0.03638301
 -1.56   -0.03630012
 -1.56   -0.03624102
 -1.56   -0.03626720
 -1.56   -0.03617299
 -1.56   -0.03610263
 -1.56   -0.03605167
 -1.56   -0.03608608
 -1.56   -0.03600018
 -1.56   -0.03593820
 -1.56   -0.03596163
 -1.56   -0.03586480
 -1.56   -0.03580533
 -1.56   -0.03583579
 -1.56   -0.03574604
 -1.56   -0.03568032
 -1.56   -0.03570011
 -1.56   -0.03559975
 -1.56   -0.03552347
 -1.56   -0.03546684
 -1.56   -0.03549582
 -1.56   -0.03540473
 -1.56   -0.03533780
 -1.56   -0.03529060
 -1.56   -0.03532908
 -1.56   -0.03524757
 -1.56   -0.03519028
 -1.56   -0.03521871
 -1.56   -0.03512719
 -1.56   -0.03505994
 -1.56   -0.03501253
 -1.56   -0.03505092
 -1.56   -0.03496943
 -1.56   -0.03491228
 -1.56   -0.03494097
 -1.56   -0.03484981
 -1.56   -0.03478305
 -1.56   -0.03480218
 -1.56   -0.03470153
 -1.56   -0.03463872
 -1.56   -0.03466633
 -1.56   -0.03457421
 -1.56   -0.03450659
 -1.56   -0.03445905
 -1.56   -0.03449753
 -1.56   -0.03441636
 -1.56   -0.03435976
 -1.56   -0.03438922
 -1.56   -0.03429907
 -1.56   -0.03423354
 -1.56   -0.03425412
 -1.56   -0.03415515
 -1.56   -0.03408085
 -1.56   -0.03402679
 -1.56   -0.03405895
 -1.56   -0.03397162
 -1.56   -0.03390905
 -1.56   -0.03393274
 -1.56   -0.03383699
 -1.56   -0.03376606
 -1.56   -0.03371550
 -1.56   -0.03375129
 -1.56   -0.03366772
 -1.56   -0.03360903
 -1.56   -0.03363672
 -1.56   -0.03354511
 -1.56   -0.03347843
 -1.56   -0.03349819
 -1.56   -0.03339870
 -1.56   -0.03333759
 -1.56   -0.03336745
 -1.56   -0.03327811
 -1.56   -0.03321381
 -1.56   -0.03323607
 -1.56   -0.03313918
 -1.56   -0.03306739
 -1.56   -0.03301627
 -1.56   -0.03305178
 -1.56   -0.03296823
 -1.56   -0.03290985
 -1.56   -0.03293814
 -1.56   -0.03284741
 -1.56   -0.03278191
 -1.56   -0.03280313
 -1.56   -0.03270538
 -1.56   -0.03263292
 -1.56   -0.03258131
 -1.56   -0.03261651
 -1.56   -0.03253282
 -1.56   -0.03247448
 -1.56   -0.03250301
 -1.56   -0.03241269
 -1.56   -0.03234778
 -1.56   -0.03236977
 -1.56   -0.03227299
 -1.56   -0.03221505
 -1.56   -0.03224855
 -1.56   -0.03216331
 -1.56   -0.03210357
 -1.56   -0.03213085
 -1.56   -0.03203944
 -1.56   -0.03197358
 -1.56   -0.03199479
 -1.56   -0.03189737
 -1.56   -0.03182556
 -1.56   -0.03177494
 -1.56   -0.03181146
 -1.56   -0.03172943
 -1.56   -0.03167308
 -1.56   -0.03170392
 -1.56   -0.03161625
 -1.56   -0.03155431
 -1.56   -0.03157961
 -1.56   -0.03148644
 -1.56   -0.03141906
 -1.56   -0.03143898
 -1.56   -0.03134049
 -1.56   -0.03126784
 -1.56   -0.03121662
 -1.56   -0.03125277
 -1.56   -0.03117061
 -1.56   -0.03111435
 -1.56   -0.03114553
 -1.56   -0.03105842
 -1.56   -0.03099728
 -1.56   -0.03102362
 -1.56   -0.03093172
 -1.56   -0.03086585
 -1.56   -0.03088750
 -1.56   -0.03079099
 -1.56   -0.03073394
 -1.56   -0.03076895
 -1.56   -0.03068583
 -1.56   -0.03062884
 -1.56   -0.03065947
 -1.56   -0.03057203
 -1.56   -0.03051075
 -1.56   -0.03053716
 -1.56   -0.03044554
 -1.56   -0.03038013
 -1.56   -0.03040247
 -1.56   -0.03030682
 -1.56   -0.03023746
 -1.56   -0.03018995
 -1.56   -0.03023025
 -1.56   -0.03015266
 -1.56   -0.03010140
 -1.56   -0.03013800
 -1.56   -0.03005674
 -1.56   -0.03000186
 -1.56   -0.03003487
 -1.56   -0.02995006
 -1.56   -0.02989168
 -1.56   -0.02992125
 -1.56   -0.02983304
 -1.56   -0.02977130
 -1.56   -0.02979756
 -1.56   -0.02970610
 -1.56   -0.02964118
 -1.56   -0.02966430
 -1.56   -0.02956976
 -1.56   -0.02951520
 -1.56   -0.02955321
 -1.56   -0.02947360
 -1.56   -0.02942062
 -1.56   -0.02945578
 -1.56   -0.02937337
 -1.56   -0.02931762
 -1.56   -0.02935006
 -1.56   -0.02926497
 -1.56   -0.02920659
 -1.56   -0.02923644
 -1.56   -0.02914880
 -1.56   -0.02908793
 -1.56   -0.02911534
 -1.56   -0.02902531
 -1.56   -0.02896210
 -1.56   -0.02898722
 -1.56   -0.02889496
 -1.56   -0.02882957
 -1.56   -0.02885257
 -1.56   -0.02875824
 -1.56   -0.02870424
 -1.56   -0.02874315
 -1.56   -0.02866477
 -1.56   -0.02861336
 -1.56   -0.02865043
 -1.56   -0.02857026
 -1.56   -0.02851709
 -1.56   -0.02855244
 -1.56   -0.02847058
 -1.56   -0.02841578
 -1.56   -0.02844953
 -1.56   -0.02836611
 -1.56   -0.02830979
 -1.56   -0.02834207
 -1.56   -0.02825723
 -1.56   -0.02819952
 -1.56   -0.02823047
 -1.56   -0.02814433
 -1.56   -0.02808538
 -1.56   -0.02811513
 -1.56   -0.02802785
 -1.56   -0.02796781
 -1.56   -0.02799651
 -1.56   -0.02790823
 -1.56   -0.02784723
 -1.56   -0.02787504
 -1.56   -0.02778592
 -1.56   -0.02772413
 -1.56   -0.02775119
 -1.56   -0.02766138
 -1.56   -0.02759896
 -1.56   -0.02762545
 -1.56   -0.02753511
 -1.56   -0.02747222
 -1.56   -0.02749829
 -1.56   -0.02740759
 -1.56   -0.02735779
 -1.56   -0.02740146
 -1.56   -0.02732840
 -1.56   -0.02728287
 -1.56   -0.02732638
 -1.56   -0.02725320
 -1.56   -0.02720757
 -1.56   -0.02725102
 -1.56   -0.02717780
 -1.56   -0.02713217
 -1.56   -0.02717565
 -1.56   -0.02710248
 -1.56   -0.02705694
 -1.56   -0.02710053
 -1.56   -0.02702752
 -1.56   -0.02704811
 -1.56   -0.02695211
 -1.56   -0.02689719
 -1.56   -0.02693594
 -1.56   -0.02685814
 -1.56   -0.02680807
 -1.56   -0.02684723
 -1.56   -0.02676988
 -1.56   -0.02672029
 -1.56   -0.02675997
 -1.56   -0.02668319
 -1.57   -0.02663419
 -1.56   -0.02667449
 -1.57   -0.02659836
 -1.57   -0.02655006
 -1.56   -0.02659109
 -1.57   -0.02651572
 -1.57   -0.02646821
 -1.57   -0.02651007
 -1.57   -0.02643555
 -1.57   -0.02638893
 -1.57   -0.02643172
 -1.57   -0.02635816
 -1.57   -0.02631253
 -1.57   -0.02635633
 -1.57   -0.02628382
 -1.57   -0.02630522
 -1.57   -0.02621033
 -1.57   -0.02615682
 -1.57   -0.02619727
 -1.57   -0.02612148
 -1.57   -0.02607371
 -1.57   -0.02611547
 -1.57   -0.02604101
 -1.57   -0.02599461
 -1.57   -0.02603777
 -1.57   -0.02596475
 -1.57   -0.02598576
 -1.57   -0.02589061
 -1.57   -0.02582357
 -1.57   -0.02584617
 -1.57   -0.02575266
 -1.57   -0.02568732
 -1.57   -0.02571167
 -1.57   -0.02561997
 -1.57   -0.02555650
 -1.57   -0.02558277
 -1.57   -0.02549305
 -1.57   -0.02543161
 -1.57   -0.02545997
 -1.57   -0.02537238
 -1.57   -0.02531313
 -1.57   -0.02534373
 -1.57   -0.02525843
 -1.57   -0.02520151
 -1.57   -0.02523449
 -1.57   -0.02515162
 -1.57   -0.02509717
 -1.57   -0.02513267
 -1.57   -0.02505237
 -1.57   -0.02500053
 -1.57   -0.02503868
 -1.57   -0.02496106
 -1.57   -0.02491195
 -1.57   -0.02495286
 -1.57   -0.02487804
 -1.57   -0.02483177
 -1.57   -0.02487556
 -1.57   -0.02480365
 -1.57   -0.02482627
 -1.57   -0.02473322
 -1.57   -0.02468217
 -1.57   -0.02472570
 -1.57   -0.02465361
 -1.57   -0.02467610
 -1.57   -0.02458299
 -1.57   -0.02451855
 -1.57   -0.02454429
 -1.57   -0.02445449
 -1.57   -0.02439340
 -1.57   -0.02442256
 -1.57   -0.02433622
 -1.57   -0.02427865
 -1.57   -0.02431137
 -1.57   -0.02422864
 -1.57   -0.02417473
 -1.57   -0.02421116
 -1.57   -0.02413217
 -1.57   -0.02408205
 -1.57   -0.02412231
 -1.57   -0.02404719
 -1.57   -0.02400097
 -1.57   -0.02404516
 -1.57   -0.02397401
 -1.57   -0.02399775
 -1.57   -0.02390617
 -1.57   -0.02385695
 -1.57   -0.02390266
 -1.57   -0.02383309
 -1.57   -0.02385847
 -1.57   -0.02376859
 -1.57   -0.02370772
 -1.57   -0.02373739
 -1.57   -0.02365184
 -1.57   -0.02359536
 -1.57   -0.02362947
 -1.57   -0.02354841
 -1.57   -0.02349646
 -1.57   -0.02353514
 -1.57   -0.02345869
 -1.57   -0.02341139
 -1.57   -0.02345475
 -1.57   -0.02338302
 -1.57   -0.02340643
 -1.57   -0.02331477
 -1.57   -0.02326571
 -1.57   -0.02331184
 -1.57   -0.02324293
 -1.57   -0.02326922
 -1.57   -0.02318049
 -1.57   -0.02312103
 -1.57   -0.02315235
 -1.57   -0.02306869
 -1.57   -0.02301435
 -1.57   -0.02305084
 -1.57   -0.02297240
 -1.57   -0.02292331
 -1.57   -0.02296509
 -1.57   -0.02289198
 -1.57   -0.02291421
 -1.57   -0.02282156
 -1.57   -0.02275833
 -1.57   -0.02278603
 -1.57   -0.02269892
 -1.57   -0.02264127
 -1.57   -0.02267461
 -1.57   -0.02259318
 -1.57   -0.02254126
 -1.57   -0.02258037
 -1.57   -0.02250475
 -1.57   -0.02245868
 -1.57   -0.02250367
 -1.57   -0.02243397
 -1.57   -0.02245980
 -1.57   -0.02237096
 -1.57   -0.02232511
 -1.57   -0.02237486
 -1.57   -0.02230995
 -1.57   -0.02234064
 -1.57   -0.02225670
 -1.57   -0.02220240
 -1.57   -0.02223928
 -1.57   -0.02216157
 -1.57   -0.02211355
 -1.57   -0.02215674
 -1.57   -0.02208537
 -1.57   -0.02210968
 -1.57   -0.02201946
 -1.57   -0.02195898
 -1.57   -0.02198978
 -1.57   -0.02190609
 -1.57   -0.02185220
 -1.57   -0.02188964
 -1.57   -0.02181262
 -1.57   -0.02176545
 -1.57   -0.02180963
 -1.57   -0.02173940
 -1.57   -0.02176500
 -1.57   -0.02167621
 -1.57   -0.02161731
 -1.57   -0.02164983
 -1.57   -0.02156802
 -1.57   -0.02151614
 -1.57   -0.02155573
 -1.57   -0.02148102
 -1.57   -0.02143629
 -1.57   -0.02148306
 -1.57   -0.02141555
 -1.57   -0.02144402
 -1.57   -0.02135824
 -1.57   -0.02131589
 -1.57   -0.02136955
 -1.57   -0.02130899
 -1.57   -0.02134445
 -1.57   -0.02126569
 -1.57   -0.02121700
 -1.57   -0.02125991
 -1.57   -0.02118864
 -1.57   -0.02121343
 -1.57   -0.02112406
 -1.57   -0.02106483
 -1.57   -0.02109725
 -1.57   -0.02101556
 -1.57   -0.02096404
 -1.57   -0.02100423
 -1.57   -0.02093035
 -1.57   -0.02095265
 -1.57   -0.02086089
 -1.57   -0.02081278
 -1.57   -0.02086089
 -1.57   -0.02079500
 -1.57   -0.02082533
 -1.57   -0.02074167
 -1.57   -0.02068830
 -1.57   -0.02072674
 -1.57   -0.02065123
 -1.57   -0.02060605
 -1.57   -0.02065271
 -1.57   -0.02058545
 -1.57   -0.02061450
 -1.57   -0.02052964
 -1.57   -0.02047516
 -1.57   -0.02051258
 -1.57   -0.02043614
 -1.57   -0.02039011
 -1.57   -0.02043601
 -1.57   -0.02036808
 -1.57   -0.02039656
 -1.57   -0.02031122
 -1.57   -0.02025634
 -1.57   -0.02029346
 -1.57   -0.02021680
 -1.57   -0.02017066
 -1.57   -0.02021654
 -1.57   -0.02014868
 -1.57   -0.02017732
 -1.57   -0.02009223
 -1.57   -0.02003770
 -1.57   -0.02007526
 -1.57   -0.01999914
 -1.57   -0.01995362
 -1.57   -0.02000023
 -1.57   -0.01993318
 -1.57   -0.01996273
 -1.57   -0.01987864
 -1.57   -0.01982521
 -1.57   -0.01986397
 -1.57   -0.01978912
 -1.57   -0.01974498
 -1.57   -0.01979305
 -1.57   -0.01972756
 -1.57   -0.01975876
 -1.57   -0.01967641
 -1.57   -0.01963821
 -1.57   -0.01969673
 -1.57   -0.01964173
 -1.57   -0.01968346
 -1.57   -0.01961167
 -1.57   -0.01963662
 -1.57   -0.01954807
 -1.57   -0.01949032
 -1.57   -0.01952489
 -1.57   -0.01944602
 -1.57   -0.01939799
 -1.57   -0.01944232
 -1.57   -0.01937324
 -1.57   -0.01940101
 -1.57   -0.01931537
 -1.57   -0.01926063
 -1.57   -0.01929832
 -1.57   -0.01922266
 -1.57   -0.01917794
 -1.57   -0.01922568
 -1.57   -0.01916010
 -1.57   -0.01919146
 -1.57   -0.01910951
 -1.57   -0.01905854
 -1.57   -0.01910010
 -1.57   -0.01902838
 -1.57   -0.01905366
 -1.57   -0.01896570
 -1.57   -0.01892218
 -1.57   -0.01897571
 -1.57   -0.01891602
 -1.57   -0.01895337
 -1.57   -0.01887752
 -1.57   -0.01883276
 -1.57   -0.01888060
 -1.57   -0.01881528
 -1.57   -0.01884704
 -1.57   -0.01876564
 -1.57   -0.01871537
 -1.57   -0.01875777
 -1.57   -0.01868704
 -1.57   -0.01871345
 -1.57   -0.01862676
 -1.57   -0.01857126
 -1.57   -0.01860849
 -1.57   -0.01853266
 -1.57   -0.01848806
 -1.57   -0.01853623
 -1.57   -0.01847137
 -1.57   -0.01850374
 -1.57   -0.01842310
 -1.57   -0.01837374
 -1.57   -0.01841719
 -1.57   -0.01834767
 -1.57   -0.01837543
 -1.57   -0.01829024
 -1.57   -0.01824978
 -1.57   -0.01830666
 -1.57   -0.01825060
 -1.57   -0.01829188
 -1.57   -0.01822023
 -1.57   -0.01824591
 -1.57   -0.01815870
 -1.57   -0.01810287
 -1.57   -0.01813998
 -1.57   -0.01806422
 -1.57   -0.01801990
 -1.57   -0.01806854
 -1.57   -0.01800435
 -1.57   -0.01803759
 -1.57   -0.01795801
 -1.57   -0.01790992
 -1.57   -0.01795483
 -1.57   -0.01788696
 -1.57   -0.01791657
 -1.57   -0.01783341
 -1.57   -0.01778178
 -1.57   -0.01782322
 -1.57   -0.01775194
 -1.57   -0.01777819
 -1.57   -0.01769173
 -1.57   -0.01763687
 -1.57   -0.01767514
 -1.57   -0.01760075
 -1.57   -0.01762396
 -1.57   -0.01753453
 -1.57   -0.01749016
 -1.57   -0.01754345
 -1.57   -0.01748413
 -1.57   -0.01752247
 -1.57   -0.01744821
 -1.57   -0.01747161
 -1.57   -0.01738244
 -1.57   -0.01732500
 -1.57   -0.01736081
 -1.57   -0.01728410
 -1.57   -0.01723915
 -1.57   -0.01728750
 -1.57   -0.01722335
 -1.57   -0.01725696
 -1.57   -0.01717808
 -1.57   -0.01713102
 -1.57   -0.01717730
 -1.57   -0.01711112
 -1.57   -0.01714275
 -1.57   -0.01706195
 -1.57   -0.01701301
 -1.57   -0.01705745
 -1.57   -0.01698950
 -1.57   -0.01701940
 -1.57   -0.01693692
 -1.57   -0.01688636
 -1.57   -0.01692924
 -1.57   -0.01685977
 -1.57   -0.01688823
 -1.57   -0.01680435
 -1.57   -0.01675245
 -1.57   -0.01679405
 -1.57   -0.01672336
 -1.57   -0.01675065
 -1.57   -0.01666567
 -1.57   -0.01662613
 -1.57   -0.01668461
 -1.57   -0.01663084
 -1.57   -0.01667509
 -1.57   -0.01660711
 -1.57   -0.01663715
 -1.57   -0.01655497
 -1.57   -0.01650486
 -1.57   -0.01654836
 -1.57   -0.01647968
 -1.57   -0.01650907
 -1.57   -0.01642629
 -1.57   -0.01637565
 -1.57   -0.01641867
 -1.57   -0.01634955
 -1.57   -0.01637857
 -1.57   -0.01629548
 -1.57   -0.01624457
 -1.57   -0.01628738
 -1.57   -0.01621811
 -1.57   -0.01624703
 -1.57   -0.01616390
 -1.57   -0.01611301
 -1.57   -0.01615589
 -1.57   -0.01608675
 -1.57   -0.01611586
 -1.57   -0.01603297
 -1.57   -0.01598238
 -1.57   -0.01602562
 -1.57   -0.01595689
 -1.57   -0.01598647
 -1.57   -0.01590411
 -1.57   -0.01585410
 -1.57   -0.01589798
 -1.57   -0.01582995
 -1.57   -0.01586028
 -1.57   -0.01577872
 -1.57   -0.01572958
 -1.57   -0.01577438
 -1.57   -0.01570732
 -1.57   -0.01573868
 -1.57   -0.01565820
 -1.57   -0.01561019
 -1.57   -0.01565618
 -1.57   -0.01559037
 -1.57   -0.01562302
 -1.57   -0.01554389
 -1.57   -0.01549728
 -1.57   -0.01554472
 -1.57   -0.01548041
 -1.57   -0.01551461
 -1.57   -0.01543708
 -1.57   -0.01539212
 -1.57   -0.01544126
 -1.57   -0.01537869
 -1.57   -0.01541469
 -1.57   -0.01533899
 -1.57   -0.01529592
 -1.57   -0.01534698
 -1.57   -0.01528638
 -1.57   -0.01532440
 -1.57   -0.01525076
 -1.57   -0.01527576
 -1.57   -0.01518912
 -1.57   -0.01514857
 -1.57   -0.01520669
 -1.57   -0.01515322
 -1.57   -0.01519842
 -1.57   -0.01513203
 -1.57   -0.01516431
 -1.57   -0.01508502
 -1.57   -0.01503846
 -1.57   -0.01508615
 -1.57   -0.01502230
 -1.57   -0.01505718
 -1.57   -0.01498053
 -1.57   -0.01493666
 -1.57   -0.01498708
 -1.57   -0.01492601
 -1.57   -0.01496371
 -1.57   -0.01488992
 -1.57   -0.01491491
 -1.57   -0.01482844
 -1.57   -0.01478821
 -1.57   -0.01484681
 -1.57   -0.01479397
 -1.57   -0.01483996
 -1.57   -0.01477452
 -1.57   -0.01480790
 -1.57   -0.01472986
 -1.57   -0.01468471
 -1.57   -0.01473396
 -1.57   -0.01467182
 -1.57   -0.01470856
 -1.57   -0.01463391
 -1.57   -0.01465816
 -1.57   -0.01457104
 -1.57   -0.01451688
 -1.57   -0.01455719
 -1.57   -0.01448618
 -1.57   -0.01451413
 -1.57   -0.01443078
 -1.57   -0.01438044
 -1.57   -0.01442464
 -1.57   -0.01435757
 -1.57   -0.01438952
 -1.57   -0.01431022
 -1.57   -0.01426398
 -1.57   -0.01431232
 -1.57   -0.01424946
 -1.57   -0.01428565
 -1.57   -0.01421064
 -1.57   -0.01423471
 -1.57   -0.01414759
 -1.57   -0.01409361
 -1.57   -0.01413428
 -1.57   -0.01406383
 -1.57   -0.01409251
 -1.57   -0.01401007
 -1.57   -0.01396082
 -1.57   -0.01400630
 -1.57   -0.01394070
 -1.57   -0.01397428
 -1.57   -0.01389681
 -1.57   -0.01385257
 -1.57   -0.01390311
 -1.57   -0.01384261
 -1.57   -0.01388134
 -1.57   -0.01380906
 -1.57   -0.01383602
 -1.57   -0.01375198
 -1.57   -0.01371465
 -1.57   -0.01377660
 -1.57   -0.01372758
 -1.57   -0.01377785
 -1.57   -0.01371713
 -1.57   -0.01375571
 -1.57   -0.01368331
 -1.57   -0.01371021
 -1.57   -0.01362616
 -1.57   -0.01357546
 -1.57   -0.01361965
 -1.57   -0.01355293
 -1.57   -0.01358556
 -1.57   -0.01350729
 -1.57   -0.01346242
 -1.57   -0.01351249
 -1.57   -0.01345169
 -1.57   -0.01349029
 -1.57   -0.01341802
 -1.57   -0.01344517
 -1.57   -0.01336148
 -1.57   -0.01331125
 -1.57   -0.01335603
 -1.57   -0.01328999
 -1.57   -0.01332343
 -1.57   -0.01324608
 -1.57   -0.01320224
 -1.57   -0.01325344
 -1.57   -0.01319389
 -1.57   -0.01323384
 -1.57   -0.01316305
 -1.57   -0.01319177
 -1.57   -0.01310977
 -1.57   -0.01306133
 -1.57   -0.01310800
 -1.57   -0.01304398
 -1.57   -0.01307953
 -1.57   -0.01300439
 -1.57   -0.01302885
 -1.57   -0.01294264
 -1.57   -0.01289008
 -1.57   -0.01293270
 -1.57   -0.01286470
 -1.57   -0.01289636
 -1.57   -0.01281740
 -1.57   -0.01277216
 -1.57   -0.01282214
 -1.57   -0.01276155
 -1.57   -0.01280067
 -1.57   -0.01272922
 -1.57   -0.01275748
 -1.57   -0.01267520
 -1.57   -0.01262669
 -1.57   -0.01267347
 -1.57   -0.01260975
 -1.57   -0.01264580
 -1.57   -0.01257135
 -1.57   -0.01259669
 -1.57   -0.01251156
 -1.57   -0.01247366
 -1.57   -0.01253560
 -1.57   -0.01248709
 -1.57   -0.01253840
 -1.57   -0.01247926
 -1.57   -0.01251995
 -1.57   -0.01245019
 -1.57   -0.01248027
 -1.57   -0.01239992
 -1.57   -0.01235346
 -1.57   -0.01240241
 -1.57   -0.01234097
 -1.57   -0.01237941
 -1.57   -0.01230747
 -1.57   -0.01233542
 -1.57   -0.01225301
 -1.57   -0.01220454
 -1.57   -0.01225154
 -1.57   -0.01218822
 -1.57   -0.01222485
 -1.57   -0.01215115
 -1.57   -0.01217742
 -1.57   -0.01209339
 -1.57   -0.01204337
 -1.57   -0.01208890
 -1.57   -0.01202417
 -1.57   -0.01205946
 -1.57   -0.01198450
 -1.57   -0.01200957
 -1.57   -0.01192441
 -1.57   -0.01187334
 -1.57   -0.01191789
 -1.57   -0.01185226
 -1.57   -0.01188671
 -1.57   -0.01181099
 -1.57   -0.01183538
 -1.57   -0.01174962
 -1.57   -0.01169802
 -1.57   -0.01174212
 -1.57   -0.01167611
 -1.57   -0.01171027
 -1.57   -0.01163433
 -1.57   -0.01165858
 -1.57   -0.01157275
 -1.57   -0.01152116
 -1.57   -0.01156535
 -1.57   -0.01149951
 -1.57   -0.01153391
 -1.57   -0.01145829
 -1.57   -0.01148294
 -1.57   -0.01139759
 -1.57   -0.01135996
 -1.57   -0.01142264
 -1.57   -0.01137534
 -1.57   -0.01142835
 -1.57   -0.01137138
 -1.57   -0.01141471
 -1.57   -0.01134807
 -1.57   -0.01138173
 -1.57   -0.01130544
 -1.57   -0.01132947
 -1.57   -0.01124357
 -1.57   -0.01119204
 -1.57   -0.01123642
 -1.57   -0.01117091
 -1.57   -0.01120578
 -1.57   -0.01113076
 -1.57   -0.01115614
 -1.57   -0.01107165
 -1.57   -0.01102162
 -1.57   -0.01106756
 -1.57   -0.01100368
 -1.57   -0.01104025
 -1.57   -0.01096701
 -1.57   -0.01099423
 -1.57   -0.01091165
 -1.57   -0.01086359
 -1.57   -0.01091158
 -1.57   -0.01084980
 -1.57   -0.01088854
 -1.57   -0.01081753
 -1.57   -0.01084705
 -1.57   -0.01076683
 -1.57   -0.01072119
 -1.57   -0.01077166
 -1.57   -0.01071242
 -1.57   -0.01075376
 -1.57   -0.01068540
 -1.57   -0.01071763
 -1.57   -0.01064017
 -1.57   -0.01059735
 -1.57   -0.01065068
 -1.57   -0.01059436
 -1.57   -0.01063867
 -1.57   -0.01057333
 -1.57   -0.01060862
 -1.57   -0.01053427
 -1.57   -0.01056058
 -1.57   -0.01047726
 -1.57   -0.01042865
 -1.57   -0.01047627
 -1.57   -0.01041431
 -1.57   -0.01045306
 -1.57   -0.01038223
 -1.57   -0.01041212
 -1.57   -0.01033246
 -1.57   -0.01028756
 -1.57   -0.01033895
 -1.57   -0.01028083
 -1.57   -0.01032346
 -1.57   -0.01025658
 -1.57   -0.01029047
 -1.57   -0.01021487
 -1.57   -0.01024005
 -1.57   -0.01015575
 -1.57   -0.01010629
 -1.57   -0.01015321
 -1.57   -0.01009069
 -1.57   -0.01012901
 -1.57   -0.01005790
 -1.57   -0.01008766
 -1.57   -0.01000800
 -1.57   -0.00996324
 -1.57   -0.01001493
 -1.57   -0.00995723
 -1.57   -0.01000044
 -1.57   -0.00993428
 -1.57   -0.00996903
 -1.57   -0.00989442
 -1.57   -0.00992075
 -1.57   -0.00983774
 -1.57   -0.00978970
 -1.57   -0.00983819
 -1.57   -0.00977737
 -1.57   -0.00981754
 -1.57   -0.00974842
 -1.57   -0.00978029
 -1.57   -0.00970289
 -1.57   -0.00966053
 -1.57   -0.00971475
 -1.57   -0.00965972
 -1.57   -0.00970573
 -1.57   -0.00964250